1747236780391 0.0 24
1747236786283 0.0 49
1747236792350 0.0 74
1747236797303 0.0 87
1747236797440 0.0 87
1747236801586 1.0 99
1747236807191 1.0 124
1747236813150 1.0 149
1747236818503 1.0 174
1747236821113 1.0 175
1747236821210 1.0 175
1747236828115 2.0 199
1747236833659 2.0 224
1747236839475 2.0 249
1747236844836 2.0 263
1747236844989 2.0 263
1747236848924 3.0 274
1747236854427 3.0 299
1747236860145 3.0 324
1747236865862 3.0 349
1747236868658 3.0 351
1747236868812 3.0 351
1747236875412 4.0 374
1747236881023 4.0 399
1747236887022 4.0 424
1747236892505 4.0 439
1747236892641 4.0 439
1747236896094 5.0 449
1747236901834 5.0 474
1747236907647 5.0 499
1747236913323 5.0 524
1747236916297 5.0 527
1747236916451 5.0 527
1747236922739 6.0 549
1747236928384 6.0 574
1747236934286 6.0 599
1747236940075 6.0 615
1747236940224 6.0 615
1747236943734 7.0 624
1747236949670 7.0 649
1747236955699 7.0 674
1747236961254 7.0 699
1747236964305 7.0 703
1747236964431 7.0 703
1747236970770 8.0 724
1747236976652 8.0 749
1747236982263 8.0 774
1747236988194 8.0 791
1747236988347 8.0 791
1747236991541 9.0 799
1747236997338 9.0 824
1747237003138 9.0 849
1747237009039 9.0 874
1747237012278 9.0 879
1747237012351 9.0 879
1747237018351 10.0 899
1747237023975 10.0 924
1747237029851 10.0 949
1747237036110 10.0 967
1747237036263 10.0 967
1747237039250 11.0 974
1747237044894 11.0 999
1747237050762 11.0 1024
1747237056635 11.0 1049
1747237059991 11.0 1055
1747237060081 11.0 1055
1747237065870 12.0 1074
1747237071435 12.0 1099
1747237077536 12.0 1124
1747237083892 12.0 1143
1747237083981 12.0 1143
1747237086734 13.0 1149
1747237092723 13.0 1174
1747237098383 13.0 1199
1747237104210 13.0 1224
1747237107874 13.0 1231
1747237107962 13.0 1231
1747237113358 14.0 1249
1747237119167 14.0 1274
1747237125120 14.0 1299
1747237131859 14.0 1319
1747237131995 14.0 1319
1747237134371 15.0 1324
1747237140278 15.0 1349
1747237145906 15.0 1374
1747237151859 15.0 1399
1747237155834 15.0 1407
1747237155970 15.0 1407
1747237161419 16.0 1424
1747237166986 16.0 1449
1747237172703 16.0 1474
1747237179735 16.0 1495
1747237179825 16.0 1495
1747237181917 17.0 1499
1747237188127 17.0 1524
1747237193938 17.0 1549
1747237199806 17.0 1574
1747237203813 17.0 1583
1747237203902 17.0 1583
1747237209128 18.0 1599
1747237214862 18.0 1624
1747237220430 18.0 1649
1747237227656 18.0 1671
1747237227728 18.0 1671
1747237229772 19.0 1674
1747237235482 19.0 1699
1747237241346 19.0 1724
1747237247291 19.0 1749
1747237251645 19.0 1759
1747237251718 19.0 1759
