1747236797440 1.9657617807388306 87
1747236821210 1.7674552202224731 175
1747236844989 1.6687500476837158 263
1747236868812 1.6057000160217285 351
1747236892641 1.5366253852844238 439
1747236916451 1.509713888168335 527
1747236940224 1.4826226234436035 615
1747236964431 1.4541887044906616 703
1747236988347 1.4148204326629639 791
1747237012351 1.3861576318740845 879
1747237036263 1.3736693859100342 967
1747237060081 1.3595845699310303 1055
1747237083981 1.3172961473464966 1143
1747237107962 1.3351795673370361 1231
1747237131995 1.310160756111145 1319
1747237155970 1.3022910356521606 1407
1747237179825 1.2849628925323486 1495
1747237203902 1.2585023641586304 1583
1747237227728 1.2654383182525635 1671
1747237251718 1.2461440563201904 1759
