1747236780391 0.265625 24
1747236786283 0.28125 49
1747236792350 0.375 74
1747236801586 0.359375 99
1747236807191 0.3359375 124
1747236813150 0.3359375 149
1747236818503 0.4140625 174
1747236828115 0.4296875 199
1747236833659 0.375 224
1747236839475 0.3671875 249
1747236848924 0.375 274
1747236854427 0.4296875 299
1747236860145 0.40625 324
1747236865862 0.4921875 349
1747236875412 0.453125 374
1747236881023 0.3828125 399
1747236887022 0.4453125 424
1747236896094 0.4375 449
1747236901834 0.5078125 474
1747236907647 0.4765625 499
1747236913323 0.4296875 524
1747236922739 0.421875 549
1747236928384 0.4765625 574
1747236934286 0.453125 599
1747236943734 0.46875 624
1747236949670 0.484375 649
1747236955699 0.5390625 674
1747236961254 0.4609375 699
1747236970770 0.5 724
1747236976652 0.421875 749
1747236982263 0.46875 774
1747236991541 0.5625 799
1747236997338 0.5546875 824
1747237003138 0.5625 849
1747237009039 0.421875 874
1747237018351 0.5390625 899
1747237023975 0.5078125 924
1747237029851 0.59375 949
1747237039250 0.4921875 974
1747237044894 0.5078125 999
1747237050762 0.546875 1024
1747237056635 0.4921875 1049
1747237065870 0.4609375 1074
1747237071435 0.5390625 1099
1747237077536 0.5234375 1124
1747237086734 0.5078125 1149
1747237092723 0.546875 1174
1747237098383 0.5859375 1199
1747237104210 0.421875 1224
1747237113358 0.4921875 1249
1747237119167 0.484375 1274
1747237125120 0.53125 1299
1747237134371 0.421875 1324
1747237140278 0.5546875 1349
1747237145906 0.609375 1374
1747237151859 0.5859375 1399
1747237161419 0.5078125 1424
1747237166986 0.6171875 1449
1747237172703 0.5390625 1474
1747237181917 0.546875 1499
1747237188127 0.671875 1524
1747237193938 0.421875 1549
1747237199806 0.5 1574
1747237209128 0.6015625 1599
1747237214862 0.59375 1624
1747237220430 0.5390625 1649
1747237229772 0.5625 1674
1747237235482 0.5625 1699
1747237241346 0.484375 1724
1747237247291 0.5625 1749
