1747240031578 0.0 24
1747240034952 0.0 49
1747240038426 0.0 74
1747240041761 0.0 99
1747240045142 0.0 124
1747240048705 0.0 149
1747240051728 0.0 174
1747240054244 0.0 175
1747240054334 0.0 175
1747240058535 1.0 199
1747240061920 1.0 224
1747240065294 1.0 249
1747240068792 1.0 274
1747240072242 1.0 299
1747240075731 1.0 324
1747240078672 1.0 349
1747240081275 1.0 351
1747240081365 1.0 351
1747240085493 2.0 374
1747240088869 2.0 399
1747240092282 2.0 424
1747240095762 2.0 449
1747240099154 2.0 474
1747240102730 2.0 499
1747240105877 2.0 524
1747240108593 2.0 527
1747240108746 2.0 527
1747240112642 3.0 549
1747240115960 3.0 574
1747240119310 3.0 599
1747240122895 3.0 624
1747240126426 3.0 649
1747240129841 3.0 674
1747240133033 3.0 699
1747240135795 3.0 703
1747240135885 3.0 703
1747240139661 4.0 724
1747240143134 4.0 749
1747240146549 4.0 774
1747240150066 4.0 799
1747240153544 4.0 824
1747240156889 4.0 849
1747240160033 4.0 874
1747240162805 4.0 879
1747240162877 4.0 879
1747240166594 5.0 899
1747240169982 5.0 924
1747240173386 5.0 949
1747240176874 5.0 974
1747240180370 5.0 999
1747240183752 5.0 1024
1747240187115 5.0 1049
1747240190057 5.0 1055
1747240190211 5.0 1055
1747240193807 6.0 1074
1747240197238 6.0 1099
1747240200591 6.0 1124
1747240204086 6.0 1149
1747240207596 6.0 1174
1747240211070 6.0 1199
1747240214498 6.0 1224
1747240217477 6.0 1231
1747240217566 6.0 1231
1747240220907 7.0 1249
1747240224403 7.0 1274
1747240227754 7.0 1299
1747240231246 7.0 1324
1747240234686 7.0 1349
1747240238095 7.0 1374
1747240241371 7.0 1399
1747240244474 7.0 1407
1747240244563 7.0 1407
1747240247938 8.0 1424
1747240251379 8.0 1449
1747240254958 8.0 1474
1747240258347 8.0 1499
1747240261691 8.0 1524
1747240265079 8.0 1549
1747240268446 8.0 1574
1747240271672 8.0 1583
1747240271745 8.0 1583
1747240274864 9.0 1599
1747240278266 9.0 1624
1747240281603 9.0 1649
1747240285094 9.0 1674
1747240288567 9.0 1699
1747240291935 9.0 1724
1747240295506 9.0 1749
1747240298826 9.0 1759
1747240298915 9.0 1759
1747240301830 10.0 1774
1747240305242 10.0 1799
1747240308807 10.0 1824
1747240312270 10.0 1849
1747240315670 10.0 1874
1747240319071 10.0 1899
1747240322488 10.0 1924
1747240325994 10.0 1935
1747240326148 10.0 1935
1747240329099 11.0 1949
1747240332479 11.0 1974
1747240335886 11.0 1999
1747240339326 11.0 2024
1747240342788 11.0 2049
1747240346286 11.0 2074
1747240349710 11.0 2099
1747240353419 11.0 2111
1747240353572 11.0 2111
1747240356345 12.0 2124
1747240359791 12.0 2149
1747240363236 12.0 2174
1747240366657 12.0 2199
1747240370163 12.0 2224
1747240373730 12.0 2249
1747240377111 12.0 2274
1747240380920 12.0 2287
1747240381056 12.0 2287
1747240383640 13.0 2299
1747240387156 13.0 2324
1747240390722 13.0 2349
1747240394128 13.0 2374
1747240397555 13.0 2399
1747240401006 13.0 2424
1747240404422 13.0 2449
1747240408257 13.0 2463
1747240408347 13.0 2463
1747240410787 14.0 2474
1747240414294 14.0 2499
1747240417713 14.0 2524
1747240421110 14.0 2549
1747240424511 14.0 2574
1747240427899 14.0 2599
1747240431244 14.0 2624
1747240435298 14.0 2639
1747240435371 14.0 2639
1747240437547 15.0 2649
1747240441107 15.0 2674
1747240444566 15.0 2699
1747240448032 15.0 2724
1747240451458 15.0 2749
1747240454950 15.0 2774
1747240458363 15.0 2799
1747240462501 15.0 2815
1747240462589 15.0 2815
1747240464834 16.0 2824
1747240468317 16.0 2849
1747240471782 16.0 2874
1747240475231 16.0 2899
1747240478614 16.0 2924
1747240482102 16.0 2949
1747240485582 16.0 2974
1747240489918 16.0 2991
1747240490054 16.0 2991
1747240492030 17.0 2999
1747240495606 17.0 3024
1747240498975 17.0 3049
1747240502510 17.0 3074
1747240505835 17.0 3099
1747240509222 17.0 3124
1747240512778 17.0 3149
1747240517282 17.0 3167
1747240517418 17.0 3167
1747240519134 18.0 3174
1747240522671 18.0 3199
1747240526105 18.0 3224
1747240529467 18.0 3249
1747240532915 18.0 3274
1747240536290 18.0 3299
1747240539739 18.0 3324
1747240544318 18.0 3343
1747240544408 18.0 3343
1747240546006 19.0 3349
1747240549545 19.0 3374
1747240552997 19.0 3399
1747240556362 19.0 3424
1747240559767 19.0 3449
1747240563151 19.0 3474
1747240566564 19.0 3499
1747240571359 19.0 3519
1747240571448 19.0 3519
1747240572985 20.0 3524
1747240576575 20.0 3549
1747240579937 20.0 3574
1747240583403 20.0 3599
1747240586808 20.0 3624
1747240590182 20.0 3649
1747240593540 20.0 3674
1747240598413 20.0 3695
1747240598503 20.0 3695
1747240599890 21.0 3699
1747240603354 21.0 3724
1747240606883 21.0 3749
1747240610318 21.0 3774
1747240613714 21.0 3799
1747240617202 21.0 3824
1747240620571 21.0 3849
1747240625606 21.0 3871
1747240625742 21.0 3871
1747240626928 22.0 3874
1747240630502 22.0 3899
1747240633959 22.0 3924
1747240637334 22.0 3949
1747240640740 22.0 3974
1747240644337 22.0 3999
1747240647744 22.0 4024
1747240653057 22.0 4047
1747240653148 22.0 4047
1747240654275 23.0 4049
1747240657890 23.0 4074
1747240661362 23.0 4099
1747240664766 23.0 4124
1747240668015 23.0 4149
1747240671403 23.0 4174
1747240674780 23.0 4199
1747240679935 23.0 4223
1747240680008 23.0 4223
1747240681007 24.0 4224
1747240684538 24.0 4249
1747240687998 24.0 4274
1747240691360 24.0 4299
1747240694858 24.0 4324
1747240698279 24.0 4349
1747240701766 24.0 4374
1747240704736 24.0 4399
1747240707231 24.0 4399
1747240707304 24.0 4399
1747240711739 25.0 4424
1747240715101 25.0 4449
1747240718531 25.0 4474
1747240721958 25.0 4499
1747240725427 25.0 4524
1747240728881 25.0 4549
1747240731933 25.0 4574
1747240734487 25.0 4575
1747240734560 25.0 4575
1747240738842 26.0 4599
1747240742320 26.0 4624
1747240745831 26.0 4649
1747240749214 26.0 4674
1747240752673 26.0 4699
1747240756166 26.0 4724
1747240759149 26.0 4749
1747240761786 26.0 4751
1747240761859 26.0 4751
1747240765982 27.0 4774
1747240769370 27.0 4799
1747240772794 27.0 4824
1747240776103 27.0 4849
1747240779542 27.0 4874
1747240782962 27.0 4899
1747240786119 27.0 4924
1747240788875 27.0 4927
1747240789011 27.0 4927
1747240792906 28.0 4949
1747240796270 28.0 4974
1747240799759 28.0 4999
1747240803346 28.0 5024
1747240806727 28.0 5049
1747240810169 28.0 5074
