1747240054334 1.9026271104812622 175
1747240081365 1.6941895484924316 351
1747240108746 1.6103166341781616 527
1747240135885 1.552694320678711 703
1747240162877 1.489316463470459 879
1747240190211 1.4636567831039429 1055
1747240217566 1.4386993646621704 1231
1747240244563 1.404895544052124 1407
1747240271745 1.3707497119903564 1583
1747240298915 1.3340550661087036 1759
1747240326148 1.32290518283844 1935
1747240353572 1.3153420686721802 2111
1747240381056 1.2797422409057617 2287
1747240408347 1.2911655902862549 2463
1747240435371 1.2689344882965088 2639
1747240462589 1.2549641132354736 2815
1747240490054 1.2472013235092163 2991
1747240517418 1.2294186353683472 3167
1747240544408 1.2529178857803345 3343
1747240571448 1.2211651802062988 3519
1747240598503 1.2178789377212524 3695
1747240625742 1.2016851902008057 3871
1747240653148 1.1935151815414429 4047
1747240680008 1.1835997104644775 4223
1747240707304 1.1844213008880615 4399
1747240734560 1.1729899644851685 4575
1747240761859 1.1638245582580566 4751
1747240789011 1.1653757095336914 4927
