1747240054334 0.31333333253860474 175
1747240081365 0.3907777667045593 351
1747240108746 0.42533332109451294 527
1747240135885 0.45064443349838257 703
1747240162877 0.46682223677635193 879
1747240190211 0.48197779059410095 1055
1747240217566 0.4948444366455078 1231
1747240244563 0.5086222290992737 1407
1747240271745 0.5183555483818054 1583
1747240298915 0.5266666412353516 1759
1747240326148 0.5338444709777832 1935
1747240353572 0.5376889109611511 2111
1747240381056 0.5421555638313293 2287
1747240408347 0.548288881778717 2463
1747240435371 0.5535777807235718 2639
1747240462589 0.5576444268226624 2815
1747240490054 0.5614222288131714 2991
1747240517418 0.5655999779701233 3167
1747240544408 0.5671555399894714 3343
1747240571448 0.5727999806404114 3519
1747240598503 0.5764222145080566 3695
1747240625742 0.5791555643081665 3871
1747240653148 0.5822222232818604 4047
1747240680008 0.5838888883590698 4223
1747240707304 0.5845333337783813 4399
1747240734560 0.5869333148002625 4575
1747240761859 0.5922666788101196 4751
1747240789011 0.5936889052391052 4927
