1747240968907 0.21875 24
1747240971379 0.3125 49
1747240973851 0.265625 74
1747240976326 0.359375 99
1747240978796 0.203125 124
1747240981258 0.390625 149
1747240983720 0.328125 174
1747240986188 0.296875 199
1747240988656 0.296875 224
1747240991172 0.40625 249
1747240993653 0.34375 274
1747240996116 0.34375 299
1747240998577 0.53125 324
1747241001038 0.515625 349
1747241006651 0.296875 374
1747241009113 0.4375 399
1747241011575 0.3125 424
1747241014037 0.46875 449
1747241016540 0.390625 474
1747241019021 0.34375 499
1747241021483 0.5 524
1747241023945 0.46875 549
1747241026407 0.421875 574
1747241028876 0.46875 599
1747241031337 0.515625 624
1747241033838 0.515625 649
1747241036356 0.46875 674
1747241038825 0.59375 699
1747241044530 0.5 724
1747241046991 0.453125 749
1747241049458 0.515625 774
1747241051924 0.46875 799
1747241054417 0.546875 824
1747241056900 0.53125 849
1747241059375 0.53125 874
1747241061836 0.453125 899
1747241064297 0.53125 924
1747241066785 0.578125 949
1747241069266 0.578125 974
1747241071727 0.453125 999
1747241074189 0.515625 1024
1747241076650 0.421875 1049
1747241082230 0.421875 1074
