1747240968907 1.968475341796875 24
1747240971379 2.161834716796875 49
1747240973851 1.90673828125 74
1747240976326 1.8690948486328125 99
1747240978796 2.05181884765625 124
1747240981258 1.81597900390625 149
1747240983720 1.88702392578125 174
1747240986188 1.8248291015625 199
1747240988656 1.881805419921875 224
1747240991172 1.7037506103515625 249
1747240993653 1.6146697998046875 274
1747240996116 1.4091033935546875 299
1747240998577 1.6181182861328125 324
1747241001038 1.615264892578125 349
1747241006651 1.7571258544921875 374
1747241009113 1.50396728515625 399
1747241011575 1.7401123046875 424
1747241014037 1.624542236328125 449
1747241016540 1.6090316772460938 474
1747241019021 1.649139404296875 499
1747241021483 1.4439544677734375 524
1747241023945 1.518463134765625 549
1747241026407 1.4822845458984375 574
1747241028876 1.5734634399414062 599
1747241031337 1.3886795043945312 624
1747241033838 1.4711265563964844 649
1747241036356 1.5496063232421875 674
1747241038825 1.3245925903320312 699
1747241044530 1.3249588012695312 724
1747241046991 1.598419189453125 749
1747241049458 1.3094406127929688 774
1747241051924 1.5990896224975586 799
1747241054417 1.326873779296875 824
1747241056900 1.2190895080566406 849
1747241059375 1.2054824829101562 874
1747241061836 1.580413818359375 899
1747241064297 1.3865242004394531 924
1747241066785 1.2818689346313477 949
1747241069266 1.2881317138671875 974
1747241071727 1.36724853515625 999
1747241074189 1.3234405517578125 1024
1747241076650 1.4461898803710938 1049
1747241082230 1.599151611328125 1074
