1747160301333 0.7260003089904785 24
1747160302735 0.43645262718200684 49
1747160304185 0.4343131482601166 74
1747160305665 0.42573755979537964 99
1747160307044 0.3952465057373047 124
1747160308523 0.44163447618484497 149
1747160309849 0.2320590317249298 174
1747160311321 0.1611500382423401 199
1747160312843 0.4385240972042084 224
1747160314190 0.3048021197319031 249
1747160315695 0.20416809618473053 274
1747160317151 0.3318119943141937 299
1747160318558 0.17244501411914825 324
1747160319917 0.24199269711971283 349
1747160324175 0.17292360961437225 374
1747160325610 0.13276180624961853 399
1747160327037 0.1934199035167694 424
1747160328420 0.1835854947566986 449
1747160329912 0.16428068280220032 474
1747160331289 0.14448219537734985 499
1747160332728 0.19404813647270203 524
1747160334162 0.11330491304397583 549
1747160335527 0.1892278641462326 574
1747160336944 0.15084539353847504 599
1747160338404 0.21621805429458618 624
1747160339754 0.12110336124897003 649
1747160341145 0.11218598484992981 674
1747160342649 0.14988626539707184 699
1747160346811 0.10241256654262543 724
1747160348295 0.11408722400665283 749
1747160349672 0.08961567282676697 774
1747160351119 0.09429191052913666 799
1747160352522 0.055068448185920715 824
1747160353994 0.07648689299821854 849
1747160355379 0.17029856145381927 874
1747160356805 0.04503605514764786 899
1747160358202 0.13197390735149384 924
1747160359635 0.11673011630773544 949
1747160361022 0.1557353436946869 974
1747160362526 0.09293054789304733 999
1747160363942 0.07394426316022873 1024
1747160365405 0.08225937187671661 1049
1747160369550 0.07460460811853409 1074
1747160370963 0.0966026782989502 1099
1747160372412 0.04284290224313736 1124
1747160373870 0.07553965598344803 1149
1747160375326 0.07780452072620392 1174
1747160376771 0.041674550622701645 1199
1747160378213 0.0660068690776825 1224
1747160379699 0.08745772391557693 1249
1747160381008 0.11011901497840881 1274
1747160382565 0.09276420623064041 1299
1747160383956 0.017803404480218887 1324
1747160385366 0.12878075242042542 1349
1747160386831 0.10269944369792938 1374
1747160388259 0.10827858746051788 1399
1747160392443 0.11236722022294998 1424
1747160393836 0.018771056085824966 1449
1747160395347 0.015152749605476856 1474
1747160396736 0.06634033471345901 1499
1747160398165 0.13516327738761902 1524
1747160399686 0.0435040146112442 1549
1747160401082 0.05829671025276184 1574
1747160402512 0.04862809553742409 1599
1747160403929 0.04708973690867424 1624
1747160405352 0.09323178231716156 1649
1747160406786 0.055339593440294266 1674
1747160408165 0.14068379998207092 1699
1747160409614 0.08110163360834122 1724
1747160411052 0.09589427709579468 1749
1747160415067 0.014169558882713318 1774
1747160416470 0.009066558443009853 1799
1747160417934 0.01567700318992138 1824
1747160419391 0.03137928247451782 1849
1747160420840 0.010144622065126896 1874
1747160422298 0.03250722959637642 1899
1747160423713 0.04869089648127556 1924
1747160425120 0.022676564753055573 1949
1747160426539 0.05715382471680641 1974
1747160427990 0.10404263436794281 1999
1747160429400 0.03681447356939316 2024
1747160430795 0.04557768255472183 2049
1747160432283 0.02344594895839691 2074
1747160433651 0.02530396729707718 2099
1747160437855 0.04983369633555412 2124
1747160439202 0.009806696325540543 2149
1747160440690 0.010695920325815678 2174
1747160442182 0.039605509489774704 2199
1747160443644 0.009720370173454285 2224
1747160445060 0.038235194981098175 2249
1747160446426 0.031911883503198624 2274
1747160447844 0.011850615032017231 2299
1747160449257 0.03458265960216522 2324
1747160450731 0.03815583884716034 2349
1747160452196 0.012153631076216698 2374
1747160453573 0.02058229222893715 2399
1747160455005 0.007486538961529732 2424
1747160456469 0.03187589347362518 2449
1747160460463 0.0064917923882603645 2474
1747160461939 0.08696010708808899 2499
1747160463315 0.0106666786596179 2524
1747160464863 0.014118500985205173 2549
1747160466239 0.03759225085377693 2574
1747160467689 0.02720067650079727 2599
1747160469159 0.013053812086582184 2624
1747160470586 0.010465993545949459 2649
1747160471995 0.017171621322631836 2674
1747160473394 0.054118119180202484 2699
1747160474844 0.006375539116561413 2724
1747160476278 0.014100502245128155 2749
1747160477747 0.005478939972817898 2774
1747160479131 0.049874790012836456 2799
1747160483224 0.09610086679458618 2824
1747160484618 0.017594438046216965 2849
1747160486131 0.010961450636386871 2874
1747160487545 0.02077561989426613 2899
1747160488991 0.012578331865370274 2924
1747160490419 0.026038391515612602 2949
1747160491840 0.02419080212712288 2974
1747160493343 0.055082570761442184 2999
1747160494724 0.008420129306614399 3024
1747160496181 0.021615784615278244 3049
1747160497533 0.018999718129634857 3074
1747160498971 0.025998421013355255 3099
1747160500419 0.1269705593585968 3124
1747160501869 0.045890383422374725 3149
1747160505784 0.018267204985022545 3174
1747160507234 0.0047033242881298065 3199
1747160508652 0.004759840667247772 3224
1747160510136 0.0477072075009346 3249
1747160511615 0.021405784413218498 3274
1747160513019 0.03715001419186592 3299
1747160514446 0.026930363848805428 3324
1747160515817 0.005636274814605713 3349
1747160517285 0.02301919460296631 3374
1747160518766 0.010257895104587078 3399
1747160520179 0.06238352507352829 3424
1747160521607 0.01264250185340643 3449
1747160522998 0.015652351081371307 3474
1747160524441 0.002400010824203491 3499
1747160528446 0.020263347774744034 3524
1747160529825 0.022729188203811646 3549
1747160531312 0.005376260727643967 3574
1747160532748 0.025401834398508072 3599
1747160534152 0.01886317878961563 3624
1747160535583 0.03453114628791809 3649
1747160537102 0.015039896592497826 3674
1747160538505 0.006993220187723637 3699
1747160539914 0.023769214749336243 3724
1747160541317 0.008513431996107101 3749
1747160542766 0.021527059376239777 3774
1747160544115 0.0365443229675293 3799
1747160545552 0.0050138067454099655 3824
1747160546983 0.046136438846588135 3849
1747160550910 0.00503319688141346 3874
1747160552339 0.009331419132649899 3899
1747160553756 0.03700057417154312 3924
1747160555158 0.01871507056057453 3949
1747160556675 0.008592555299401283 3974
1747160558071 0.000729030929505825 3999
1747160559515 0.018897850066423416 4024
1747160560888 0.0016292054206132889 4049
1747160562267 0.00922552589327097 4074
1747160563759 0.055525269359350204 4099
1747160565128 0.015814289450645447 4124
1747160566606 0.003240032121539116 4149
1747160567999 0.07982946187257767 4174
1747160569403 0.03185755014419556 4199
1747160573358 0.02143758535385132 4224
1747160574823 0.057974763214588165 4249
1747160576323 0.0037763286381959915 4274
1747160577806 0.001610584557056427 4299
1747160579311 0.007822638377547264 4324
1747160580803 0.010651242919266224 4349
1747160582307 0.02647850289940834 4374
1747160583743 0.017460353672504425 4399
1747160585294 0.03200618550181389 4424
1747160586720 0.015278183855116367 4449
1747160588211 0.02441147342324257 4474
1747160589727 0.02290695533156395 4499
1747160591130 0.03274770826101303 4524
1747160592633 0.029253866523504257 4549
1747160594034 0.026062142103910446 4574
1747160598217 0.006425050087273121 4599
1747160599740 0.015469739213585854 4624
1747160601167 0.006014698185026646 4649
1747160602622 0.008409105241298676 4674
1747160604035 0.004413759335875511 4699
1747160605490 0.03842508792877197 4724
1747160606869 0.04050954431295395 4749
1747160608259 0.0032500531524419785 4774
1747160609771 0.0175421554595232 4799
1747160611161 0.004862220957875252 4824
1747160612574 0.04434402287006378 4849
1747160614015 0.03644867241382599 4874
1747160615389 0.0037219226360321045 4899
1747160616779 0.013254661113023758 4924
1747160620893 0.0028464561328291893 4949
1747160622374 0.004261143505573273 4974
1747160623785 0.009732979349792004 4999
1747160625284 0.006867900490760803 5024
1747160626692 0.03208140283823013 5049
1747160628072 0.006550490856170654 5074
1747160629583 0.0660938248038292 5099
1747160630991 0.007566941902041435 5124
1747160632431 0.046299103647470474 5149
1747160633893 0.02128906175494194 5174
1747160635248 0.04890052229166031 5199
1747160636684 0.061622533947229385 5224
1747160638147 0.02433645725250244 5249
1747160639481 0.0069467248395085335 5274
1747160643537 0.028510840609669685 5299
1747160644977 0.019300445914268494 5324
1747160646454 0.017748408019542694 5349
1747160647935 0.012842896394431591 5374
1747160649322 0.024908563122153282 5399
1747160650792 0.0024230126291513443 5424
1747160652175 0.016743946820497513 5449
1747160653608 0.035131245851516724 5474
1747160655112 0.018721135333180428 5499
1747160656552 0.02832110971212387 5524
1747160657971 0.016781732439994812 5549
1747160659424 0.0036075199022889137 5574
1747160660825 0.0014708945527672768 5599
1747160662208 0.01632067933678627 5624
1747160666176 0.0008429642766714096 5649
1747160667611 0.00826304778456688 5674
1747160669058 0.007814603857696056 5699
1747160670527 0.019369736313819885 5724
1747160671968 0.004891568794846535 5749
1747160673425 0.0036037396639585495 5774
1747160674860 0.0012267641723155975 5799
1747160676249 0.022933900356292725 5824
1747160677743 0.04256321117281914 5849
1747160679108 0.004852859303355217 5874
1747160680595 0.004864758811891079 5899
1747160681977 0.005505594424903393 5924
1747160683390 0.004033902660012245 5949
1747160684839 0.034312255680561066 5974
1747160689003 0.013917909003794193 5999
1747160690475 0.0007905829697847366 6024
1747160691894 0.02016431838274002 6049
1747160693319 0.0031580692157149315 6074
1747160694738 0.026258956640958786 6099
1747160696199 0.0004932284355163574 6124
1747160697687 0.04830688610672951 6149
1747160699033 0.0013296464458107948 6174
1747160700563 0.001282830722630024 6199
1747160701943 0.004808790981769562 6224
1747160703403 0.010479454882442951 6249
1747160704791 0.03554767742753029 6274
1747160706215 0.0051240576431155205 6299
1747160707671 0.021735182031989098 6324
1747160711742 0.027097444981336594 6349
1747160713198 0.0044115157797932625 6374
1747160714662 0.002349941059947014 6399
1747160716131 0.01930517703294754 6424
1747160717573 0.03465376794338226 6449
1747160719029 0.007280315272510052 6474
1747160720473 0.01261188741773367 6499
1747160721868 0.026059690862894058 6524
1747160723299 0.002674105577170849 6549
1747160724761 0.04497387260198593 6574
1747160726190 0.008807137608528137 6599
1747160727617 0.021586429327726364 6624
1747160729051 0.011403481476008892 6649
1747160730531 0.08684611320495605 6674
1747160734583 0.005649533122777939 6699
1747160736022 0.01539639476686716 6724
1747160737409 0.007332769222557545 6749
1747160738861 0.024544665589928627 6774
1747160740252 0.0017515923827886581 6799
1747160741780 0.0024110032245516777 6824
1747160743223 0.025263722985982895 6849
1747160744625 0.04300612583756447 6874
1747160746012 0.0020814184099435806 6899
1747160747354 0.009538047946989536 6924
1747160748913 0.006766371428966522 6949
1747160750262 0.013661413453519344 6974
1747160751716 0.0172259621322155 6999
1747160753127 0.01870403066277504 7024
