1747238356423 0.0 24
1747238366977 0.0 43
1747238367126 0.0 43
1747238372142 1.0 49
1747238383502 1.0 74
1747238390863 1.0 87
1747238390952 1.0 87
1747238398480 2.0 99
1747238410086 2.0 124
1747238414735 2.0 131
1747238414889 2.0 131
1747238425075 3.0 149
1747238435803 3.0 174
1747238438630 3.0 175
1747238438719 3.0 175
1747238451674 4.0 199
1747238462561 4.0 219
1747238462650 4.0 219
1747238467602 5.0 224
1747238478530 5.0 249
1747238486419 5.0 263
1747238486509 5.0 263
1747238493454 6.0 274
1747238505027 6.0 299
1747238510562 6.0 307
1747238510715 6.0 307
1747238520958 7.0 324
1747238531316 7.0 349
1747238534409 7.0 351
1747238534498 7.0 351
1747238547250 8.0 374
1747238558559 8.0 395
1747238558649 8.0 395
1747238562519 9.0 399
1747238574314 9.0 424
1747238582469 9.0 439
1747238582557 9.0 439
1747238589502 10.0 449
1747238600626 10.0 474
1747238606340 10.0 483
1747238606476 10.0 483
1747238615828 11.0 499
1747238627072 11.0 524
1747238630447 11.0 527
1747238630536 11.0 527
1747238642831 12.0 549
1747238654279 12.0 571
1747238654367 12.0 571
1747238657826 13.0 574
1747238669287 13.0 599
1747238678420 13.0 615
1747238678493 13.0 615
1747238684943 14.0 624
1747238695991 14.0 649
1747238702126 14.0 659
1747238702216 14.0 659
1747238711195 15.0 674
1747238722695 15.0 699
1747238726332 15.0 703
1747238726486 15.0 703
1747238738384 16.0 724
1747238750536 16.0 747
1747238750609 16.0 747
1747238753681 17.0 749
1747238765386 17.0 774
1747238774885 17.0 791
1747238775021 17.0 791
1747238780954 18.0 799
1747238793043 18.0 824
1747238799270 18.0 835
1747238799360 18.0 835
1747238808108 19.0 849
1747238819544 19.0 874
1747238823474 19.0 879
1747238823546 19.0 879
1747238834670 20.0 899
1747238847521 20.0 923
1747238847594 20.0 923
1747238850195 21.0 924
1747238861982 21.0 949
1747238871854 21.0 967
1747238871943 21.0 967
1747238877705 22.0 974
1747238888391 22.0 999
1747238895907 22.0 1011
1747238895980 22.0 1011
1747238903798 23.0 1024
1747238915599 23.0 1049
1747238920106 23.0 1055
1747238920242 23.0 1055
1747238931226 24.0 1074
1747238941797 24.0 1099
1747238944531 24.0 1099
1747238944684 24.0 1099
1747238958678 25.0 1124
