1747238367126 2.0300729274749756 43
1747238390952 1.8393466472625732 87
1747238414889 1.7594102621078491 131
1747238438719 1.698114275932312 175
1747238462650 1.6307718753814697 219
1747238486509 1.5986711978912354 263
1747238510715 1.5688095092773438 307
1747238534498 1.5391374826431274 351
1747238558649 1.5045597553253174 395
1747238582557 1.4766600131988525 439
1747238606476 1.4669890403747559 483
1747238630536 1.4551048278808594 527
1747238654367 1.4115424156188965 571
1747238678493 1.4250576496124268 615
1747238702216 1.4054147005081177 659
1747238726486 1.3925906419754028 703
1747238750609 1.3815611600875854 747
1747238775021 1.353354811668396 791
1747238799360 1.360093593597412 835
1747238823546 1.3424500226974487 879
1747238847594 1.3396039009094238 923
1747238871943 1.325132131576538 967
1747238895980 1.310315728187561 1011
1747238920242 1.3075000047683716 1055
1747238944684 1.3038299083709717 1099
