1747238367126 0.2655111253261566 43
1747238390952 0.33951109647750854 87
1747238414889 0.3719777762889862 131
1747238438719 0.3980666697025299 175
1747238462650 0.41895556449890137 219
1747238486509 0.4334222078323364 263
1747238510715 0.4487777650356293 307
1747238534498 0.4563555419445038 351
1747238558649 0.4687333405017853 395
1747238582557 0.47173333168029785 439
1747238606476 0.47762221097946167 483
1747238630536 0.4894888997077942 527
1747238654367 0.4942888915538788 571
1747238678493 0.499266654253006 615
1747238702216 0.5072000026702881 659
1747238726486 0.512333333492279 703
1747238750609 0.5162000060081482 747
1747238775021 0.5226666927337646 791
1747238799360 0.5278666615486145 835
1747238823546 0.5298888683319092 879
1747238847594 0.5317777991294861 923
1747238871943 0.538444459438324 967
1747238895980 0.5407333374023438 1011
1747238920242 0.5399555563926697 1055
1747238944684 0.545799970626831 1099
