1747238356423 1.940826416015625 24
1747238372142 1.8413009643554688 49
1747238383502 1.890716552734375 74
1747238398480 1.6679916381835938 99
1747238410086 1.7916297912597656 124
1747238425075 1.72442626953125 149
1747238435803 1.6982879638671875 174
1747238451674 1.6406021118164062 199
1747238467602 1.6021881103515625 224
1747238478530 1.6045989990234375 249
1747238493454 1.5880184173583984 274
1747238505027 1.5761604309082031 299
1747238520958 1.4998550415039062 324
1747238531316 1.5843849182128906 349
1747238547250 1.6339640617370605 374
1747238562519 1.5131492614746094 399
1747238574314 1.436452865600586 424
1747238589502 1.4635906219482422 449
1747238600626 1.344864845275879 474
1747238615828 1.4565277099609375 499
1747238627072 1.4413223266601562 524
1747238642831 1.449594497680664 549
1747238657826 1.3690223693847656 574
1747238669287 1.3385734558105469 599
1747238684943 1.3863792419433594 624
1747238695991 1.471510410308838 649
1747238711195 1.3223609924316406 674
1747238722695 1.3901939392089844 699
1747238738384 1.3411369323730469 724
1747238753681 1.3915691375732422 749
1747238765386 1.404458999633789 774
1747238780954 1.2802619934082031 799
1747238793043 1.2672557830810547 824
1747238808108 1.3736944198608398 849
1747238819544 1.3975582122802734 874
1747238834670 1.3145170211791992 899
1747238850195 1.322260856628418 924
1747238861982 1.2960319519042969 949
1747238877705 1.301607608795166 974
1747238888391 1.3718318939208984 999
1747238903798 1.2584209442138672 1024
1747238915599 1.2652740478515625 1049
1747238931226 1.267831802368164 1074
1747238941797 1.2885217666625977 1099
1747238958678 1.2360553741455078 1124
