1747161277049 0.0 24
1747161278443 0.0 49
1747161279818 0.0 74
1747161281259 0.0 99
1747161282702 0.0 124
1747161284063 0.0 149
1747161285467 0.0 174
1747161286896 0.0 199
1747161288222 0.0 224
1747161289686 0.0 249
1747161291095 0.0 274
1747161292463 0.0 299
1747161293852 0.0 324
1747161295249 0.0 349
1747161297824 0.0 351
1747161298069 0.0 351
1747161299797 1.0 374
1747161301275 1.0 399
1747161302699 1.0 424
1747161304201 1.0 449
1747161305620 1.0 474
1747161306983 1.0 499
1747161308417 1.0 524
1747161309879 1.0 549
1747161311273 1.0 574
1747161312722 1.0 599
1747161314127 1.0 624
1747161315494 1.0 649
1747161316932 1.0 674
1747161318312 1.0 699
1747161320714 1.0 703
1747161320952 1.0 703
1747161322647 2.0 724
1747161324013 2.0 749
1747161325492 2.0 774
1747161326952 2.0 799
1747161328401 2.0 824
1747161329811 2.0 849
1747161331208 2.0 874
1747161332679 2.0 899
1747161334063 2.0 924
1747161335475 2.0 949
1747161336870 2.0 974
1747161338299 2.0 999
1747161339643 2.0 1024
1747161341035 2.0 1049
1747161343492 2.0 1055
1747161343735 2.0 1055
1747161345312 3.0 1074
1747161346750 3.0 1099
1747161348132 3.0 1124
1747161349562 3.0 1149
1747161350951 3.0 1174
1747161352375 3.0 1199
1747161353735 3.0 1224
1747161355153 3.0 1249
1747161356570 3.0 1274
1747161357930 3.0 1299
1747161359356 3.0 1324
