1747161277049 0.765625 24
1747161278443 0.8359375 49
1747161279818 0.8359375 74
1747161281259 0.859375 99
1747161282702 0.8671875 124
1747161284063 0.84375 149
1747161285467 0.921875 174
1747161286896 0.953125 199
1747161288222 0.84375 224
1747161289686 0.8828125 249
1747161291095 0.9296875 274
1747161292463 0.90625 299
1747161293852 0.9140625 324
1747161295249 0.921875 349
1747161299797 0.9296875 374
1747161301275 0.9609375 399
1747161302699 0.9140625 424
1747161304201 0.953125 449
1747161305620 0.921875 474
1747161306983 0.9296875 499
1747161308417 0.9453125 524
1747161309879 0.9453125 549
1747161311273 0.9375 574
1747161312722 0.9375 599
1747161314127 0.90625 624
1747161315494 0.96875 649
1747161316932 0.953125 674
1747161318312 0.96875 699
1747161322647 0.96875 724
1747161324013 0.96875 749
1747161325492 0.984375 774
1747161326952 0.9765625 799
1747161328401 0.984375 824
1747161329811 0.96875 849
1747161331208 0.921875 874
1747161332679 0.9921875 899
1747161334063 0.953125 924
1747161335475 0.9609375 949
1747161336870 0.953125 974
1747161338299 0.96875 999
1747161339643 0.9765625 1024
1747161341035 0.9765625 1049
1747161345312 0.984375 1074
1747161346750 0.96875 1099
1747161348132 0.984375 1124
1747161349562 0.9609375 1149
1747161350951 0.96875 1174
1747161352375 0.9921875 1199
1747161353735 0.9921875 1224
1747161355153 0.953125 1249
1747161356570 0.9609375 1274
1747161357930 0.9765625 1299
1747161359356 1.0 1324
