1747161277049 0.7260003089904785 24
1747161278443 0.43645262718200684 49
1747161279818 0.4343131482601166 74
1747161281259 0.42573755979537964 99
1747161282702 0.3952465057373047 124
1747161284063 0.44163447618484497 149
1747161285467 0.2320590317249298 174
1747161286896 0.1611500382423401 199
1747161288222 0.4385240972042084 224
1747161289686 0.3048021197319031 249
1747161291095 0.20416809618473053 274
1747161292463 0.3318119943141937 299
1747161293852 0.17244501411914825 324
1747161295249 0.24199269711971283 349
1747161299797 0.17292360961437225 374
1747161301275 0.13276180624961853 399
1747161302699 0.1934199035167694 424
1747161304201 0.1835854947566986 449
1747161305620 0.16428068280220032 474
1747161306983 0.14448219537734985 499
1747161308417 0.19404813647270203 524
1747161309879 0.11330491304397583 549
1747161311273 0.1892278641462326 574
1747161312722 0.15084539353847504 599
1747161314127 0.21621805429458618 624
1747161315494 0.12110336124897003 649
1747161316932 0.11218598484992981 674
1747161318312 0.14988626539707184 699
1747161322647 0.10241256654262543 724
1747161324013 0.11408722400665283 749
1747161325492 0.08961567282676697 774
1747161326952 0.09429191052913666 799
1747161328401 0.055068448185920715 824
1747161329811 0.07648689299821854 849
1747161331208 0.17029856145381927 874
1747161332679 0.04503605514764786 899
1747161334063 0.13197390735149384 924
1747161335475 0.11673011630773544 949
1747161336870 0.1557353436946869 974
1747161338299 0.09293054789304733 999
1747161339643 0.07394426316022873 1024
1747161341035 0.08225937187671661 1049
1747161345312 0.07460460811853409 1074
1747161346750 0.0966026782989502 1099
1747161348132 0.04284290224313736 1124
1747161349562 0.07553965598344803 1149
1747161350951 0.07780452072620392 1174
1747161352375 0.041674550622701645 1199
1747161353735 0.0660068690776825 1224
1747161355153 0.08745772391557693 1249
1747161356570 0.11011901497840881 1274
1747161357930 0.09276420623064041 1299
1747161359356 0.017803404480218887 1324
