1747241801672 1.8550984859466553 175
1747241839550 1.6457414627075195 351
1747241877359 1.5625343322753906 527
1747241914995 1.5098720788955688 703
1747241952756 1.462646484375 879
1747241990489 1.440181851387024 1055
1747242028298 1.4042918682098389 1231
1747242066032 1.3738807439804077 1407
1747242103777 1.3452097177505493 1583
1747242141536 1.3156323432922363 1759
1747242179380 1.2959822416305542 1935
1747242217117 1.2923153638839722 2111
1747242254824 1.2644416093826294 2287
1747242292464 1.2593940496444702 2463
1747242330325 1.241382122039795 2639
1747242368125 1.2277997732162476 2815
1747242405934 1.2239406108856201 2991
1747242443675 1.2135765552520752 3167
1747242481313 1.2128608226776123 3343
1747242519056 1.1921842098236084 3519
1747242556906 1.1836328506469727 3695
1747242594644 1.177962303161621 3871
1747242632481 1.1680055856704712 4047
1747242670315 1.1657077074050903 4223
1747242708135 1.161780595779419 4399
1747242745896 1.1499522924423218 4575
1747242783727 1.1410949230194092 4751
1747242821642 1.1428020000457764 4927
1747242859583 1.1338098049163818 5103
1747242897459 1.1245980262756348 5279
1747242935211 1.117296576499939 5455
1747242972946 1.1100531816482544 5631
1747243010721 1.1161025762557983 5807
1747243048394 1.1104247570037842 5983
1747243086229 1.0950411558151245 6159
1747243124007 1.09086012840271 6335
1747243161681 1.0797662734985352 6511
1747243199356 1.0718579292297363 6687
1747243237120 1.0861424207687378 6863
1747243274936 1.0634288787841797 7039
1747243312682 1.0678014755249023 7215
1747243350496 1.0640215873718262 7391
1747243388232 1.0515419244766235 7567
1747243425965 1.057399868965149 7743
1747243463792 1.043784737586975 7919
1747243501477 1.0334928035736084 8095
1747243539215 1.0483707189559937 8271
1747243576883 1.0362409353256226 8447
1747243614710 1.026574969291687 8623
1747243652524 1.0252913236618042 8799
