1747160322446 0.39844492077827454 351
1747160345185 0.1612197309732437 703
1747160368014 0.10459093749523163 1055
1747160390981 0.06974349170923233 1407
1747160413726 0.05401097983121872 1759
1747160436652 0.03838634118437767 2111
1747160459401 0.03438762202858925 2463
1747160482208 0.026940910145640373 2815
1747160504958 0.02680838480591774 3167
1747160527684 0.020698590204119682 3519
1747160550267 0.02263132482767105 3871
1747160572829 0.016005439683794975 4223
1747160596485 0.019136158749461174 4575
1747160619130 0.016209442168474197 4927
1747160641938 0.017475083470344543 5279
1747160664705 0.013883613049983978 5631
1747160687597 0.015250597149133682 5983
1747160710449 0.010629706084728241 6335
1747160733378 0.013522690162062645 6687
1747160756181 0.01543168630450964 7039
