1747160301333 0.765625 24
1747160302735 0.8359375 49
1747160304185 0.8359375 74
1747160305665 0.859375 99
1747160307044 0.8671875 124
1747160308523 0.84375 149
1747160309849 0.921875 174
1747160311321 0.953125 199
1747160312843 0.84375 224
1747160314190 0.8828125 249
1747160315695 0.9296875 274
1747160317151 0.90625 299
1747160318558 0.9140625 324
1747160319917 0.921875 349
1747160324175 0.9296875 374
1747160325610 0.9609375 399
1747160327037 0.9140625 424
1747160328420 0.953125 449
1747160329912 0.921875 474
1747160331289 0.9296875 499
1747160332728 0.9453125 524
1747160334162 0.9453125 549
1747160335527 0.9375 574
1747160336944 0.9375 599
1747160338404 0.90625 624
1747160339754 0.96875 649
1747160341145 0.953125 674
1747160342649 0.96875 699
1747160346811 0.96875 724
1747160348295 0.96875 749
1747160349672 0.984375 774
1747160351119 0.9765625 799
1747160352522 0.984375 824
1747160353994 0.96875 849
1747160355379 0.921875 874
1747160356805 0.9921875 899
1747160358202 0.953125 924
1747160359635 0.9609375 949
1747160361022 0.953125 974
1747160362526 0.96875 999
1747160363942 0.9765625 1024
1747160365405 0.9765625 1049
1747160369550 0.984375 1074
1747160370963 0.96875 1099
1747160372412 0.984375 1124
1747160373870 0.9609375 1149
1747160375326 0.96875 1174
1747160376771 0.9921875 1199
1747160378213 0.9921875 1224
1747160379699 0.953125 1249
1747160381008 0.9609375 1274
1747160382565 0.9765625 1299
1747160383956 1.0 1324
1747160385366 0.953125 1349
1747160386831 0.9765625 1374
1747160388259 0.9609375 1399
1747160392443 0.953125 1424
1747160393836 0.9921875 1449
1747160395347 1.0 1474
1747160396736 0.9765625 1499
1747160398165 0.9609375 1524
1747160399686 0.9765625 1549
1747160401082 0.9765625 1574
1747160402512 0.984375 1599
1747160403929 0.984375 1624
1747160405352 0.96875 1649
1747160406786 0.9765625 1674
1747160408165 0.953125 1699
1747160409614 0.9609375 1724
1747160411052 0.9609375 1749
1747160415067 1.0 1774
1747160416470 1.0 1799
1747160417934 1.0 1824
1747160419391 0.9921875 1849
1747160420840 1.0 1874
1747160422298 0.9921875 1899
1747160423713 0.9765625 1924
1747160425120 1.0 1949
1747160426539 0.96875 1974
1747160427990 0.96875 1999
1747160429400 0.9921875 2024
1747160430795 0.9921875 2049
1747160432283 1.0 2074
1747160433651 0.9921875 2099
1747160437855 0.9765625 2124
1747160439202 1.0 2149
1747160440690 0.9921875 2174
1747160442182 0.9921875 2199
1747160443644 1.0 2224
1747160445060 0.984375 2249
1747160446426 0.984375 2274
1747160447844 1.0 2299
1747160449257 0.9921875 2324
1747160450731 0.984375 2349
1747160452196 1.0 2374
1747160453573 0.9921875 2399
1747160455005 1.0 2424
1747160456469 0.984375 2449
1747160460463 1.0 2474
1747160461939 0.9765625 2499
1747160463315 1.0 2524
1747160464863 1.0 2549
1747160466239 0.9921875 2574
1747160467689 0.984375 2599
1747160469159 1.0 2624
1747160470586 0.9921875 2649
1747160471995 0.9921875 2674
1747160473394 0.984375 2699
1747160474844 1.0 2724
1747160476278 0.9921875 2749
1747160477747 1.0 2774
1747160479131 0.984375 2799
1747160483224 0.9765625 2824
1747160484618 0.9921875 2849
1747160486131 1.0 2874
1747160487545 0.9921875 2899
1747160488991 1.0 2924
1747160490419 0.9921875 2949
1747160491840 0.984375 2974
1747160493343 0.9765625 2999
1747160494724 1.0 3024
1747160496181 0.9921875 3049
1747160497533 0.9921875 3074
1747160498971 0.9921875 3099
1747160500419 0.9765625 3124
1747160501869 0.984375 3149
1747160505784 0.9921875 3174
1747160507234 1.0 3199
1747160508652 1.0 3224
1747160510136 0.984375 3249
1747160511615 0.9921875 3274
1747160513019 0.984375 3299
1747160514446 0.9921875 3324
1747160515817 1.0 3349
1747160517285 0.9921875 3374
1747160518766 1.0 3399
1747160520179 0.984375 3424
1747160521607 1.0 3449
1747160522998 0.9921875 3474
1747160524441 1.0 3499
1747160528446 0.9921875 3524
1747160529825 0.9921875 3549
1747160531312 1.0 3574
1747160532748 0.9921875 3599
1747160534152 0.9921875 3624
1747160535583 0.984375 3649
1747160537102 0.9921875 3674
1747160538505 1.0 3699
1747160539914 0.984375 3724
1747160541317 1.0 3749
1747160542766 0.9921875 3774
1747160544115 0.984375 3799
1747160545552 1.0 3824
1747160546983 0.984375 3849
1747160550910 1.0 3874
1747160552339 0.9921875 3899
1747160553756 0.9921875 3924
1747160555158 0.9921875 3949
1747160556675 1.0 3974
1747160558071 1.0 3999
1747160559515 0.984375 4024
1747160560888 1.0 4049
1747160562267 1.0 4074
1747160563759 0.9921875 4099
1747160565128 0.9921875 4124
1747160566606 1.0 4149
1747160567999 0.9921875 4174
1747160569403 0.9921875 4199
1747160573358 0.9921875 4224
1747160574823 0.984375 4249
1747160576323 1.0 4274
1747160577806 1.0 4299
1747160579311 1.0 4324
1747160580803 1.0 4349
1747160582307 0.984375 4374
1747160583743 1.0 4399
1747160585294 0.9921875 4424
1747160586720 1.0 4449
1747160588211 0.984375 4474
1747160589727 0.9921875 4499
1747160591130 0.9765625 4524
1747160592633 0.9921875 4549
1747160594034 0.9921875 4574
1747160598217 1.0 4599
1747160599740 0.9921875 4624
1747160601167 1.0 4649
1747160602622 1.0 4674
1747160604035 1.0 4699
1747160605490 0.984375 4724
1747160606869 0.9765625 4749
1747160608259 1.0 4774
1747160609771 0.9921875 4799
1747160611161 1.0 4824
1747160612574 0.9921875 4849
1747160614015 0.984375 4874
1747160615389 1.0 4899
1747160616779 0.9921875 4924
1747160620893 1.0 4949
1747160622374 1.0 4974
1747160623785 0.9921875 4999
1747160625284 1.0 5024
1747160626692 0.984375 5049
1747160628072 1.0 5074
1747160629583 0.984375 5099
1747160630991 0.9921875 5124
1747160632431 0.9765625 5149
1747160633893 0.9921875 5174
1747160635248 0.984375 5199
1747160636684 0.9921875 5224
1747160638147 0.9921875 5249
1747160639481 1.0 5274
1747160643537 0.9765625 5299
1747160644977 1.0 5324
1747160646454 1.0 5349
1747160647935 0.9921875 5374
1747160649322 0.984375 5399
1747160650792 1.0 5424
1747160652175 0.984375 5449
1747160653608 0.984375 5474
1747160655112 0.9921875 5499
1747160656552 0.9921875 5524
1747160657971 0.9921875 5549
1747160659424 1.0 5574
1747160660825 1.0 5599
1747160662208 0.9921875 5624
1747160666176 1.0 5649
1747160667611 1.0 5674
1747160669058 1.0 5699
1747160670527 0.9921875 5724
1747160671968 1.0 5749
1747160673425 1.0 5774
1747160674860 1.0 5799
1747160676249 0.984375 5824
1747160677743 0.984375 5849
1747160679108 1.0 5874
1747160680595 1.0 5899
1747160681977 1.0 5924
1747160683390 1.0 5949
1747160684839 0.9921875 5974
1747160689003 0.9921875 5999
1747160690475 1.0 6024
1747160691894 0.984375 6049
1747160693319 1.0 6074
1747160694738 0.9921875 6099
1747160696199 1.0 6124
1747160697687 0.984375 6149
1747160699033 1.0 6174
1747160700563 1.0 6199
1747160701943 1.0 6224
1747160703403 0.9921875 6249
1747160704791 0.9921875 6274
1747160706215 1.0 6299
1747160707671 0.984375 6324
1747160711742 0.9921875 6349
1747160713198 1.0 6374
1747160714662 1.0 6399
1747160716131 0.9921875 6424
1747160717573 0.9921875 6449
1747160719029 1.0 6474
1747160720473 0.9921875 6499
1747160721868 0.984375 6524
1747160723299 1.0 6549
1747160724761 0.984375 6574
1747160726190 1.0 6599
1747160727617 0.9921875 6624
1747160729051 0.9921875 6649
1747160730531 0.9765625 6674
1747160734583 1.0 6699
1747160736022 0.984375 6724
1747160737409 1.0 6749
1747160738861 0.9921875 6774
1747160740252 1.0 6799
1747160741780 1.0 6824
1747160743223 0.9921875 6849
1747160744625 0.9921875 6874
1747160746012 1.0 6899
1747160747354 0.9921875 6924
1747160748913 1.0 6949
1747160750262 1.0 6974
1747160751716 0.9921875 6999
1747160753127 0.9921875 7024
