1747160322446 0.8682888746261597 351
1747160345185 0.943755567073822 703
1747160368014 0.9636222124099731 1055
1747160390981 0.9754666686058044 1407
1747160413726 0.9813555479049683 1759
1747160436652 0.9862444400787354 2111
1747160459401 0.9879778027534485 2463
1747160482208 0.990755558013916 2815
1747160504958 0.9907777905464172 3167
1747160527684 0.9926221966743469 3519
1747160550267 0.9920889139175415 3871
1747160572829 0.995044469833374 4223
1747160596485 0.9935555458068848 4575
1747160619130 0.9941999912261963 4927
1747160641938 0.9940666556358337 5279
1747160664705 0.9954888820648193 5631
1747160687597 0.9952889084815979 5983
1747160710449 0.9963777661323547 6335
1747160733378 0.9957777857780457 6687
1747160756181 0.9940666556358337 7039
