1747241342362 0.0 24
1747241347232 0.0 49
1747241352094 0.0 74
1747241356958 0.0 99
1747241361821 0.0 124
1747241366682 0.0 149
1747241371542 0.0 174
1747241374165 0.0 175
1747241374276 0.0 175
1747241379799 1.0 199
1747241384659 1.0 224
1747241389522 1.0 249
1747241394380 1.0 274
1747241399241 1.0 299
1747241404103 1.0 324
1747241408961 1.0 349
1747241411858 1.0 351
1747241412001 1.0 351
1747241417303 2.0 374
1747241422163 2.0 399
1747241427027 2.0 424
1747241431890 2.0 449
1747241436751 2.0 474
1747241441613 2.0 499
1747241446470 2.0 524
1747241449499 2.0 527
1747241449641 2.0 527
1747241454635 3.0 549
1747241459502 3.0 574
1747241464363 3.0 599
1747241469229 3.0 624
1747241474083 3.0 649
1747241478947 3.0 674
1747241483808 3.0 699
1747241487041 3.0 703
1747241487189 3.0 703
1747241492010 4.0 724
1747241496867 4.0 749
1747241501725 4.0 774
1747241506588 4.0 799
1747241511449 4.0 824
1747241516309 4.0 849
1747241521170 4.0 874
1747241524624 4.0 879
1747241524743 4.0 879
1747241529438 5.0 899
1747241534300 5.0 924
1747241539161 5.0 949
1747241544022 5.0 974
1747241548885 5.0 999
1747241553748 5.0 1024
1747241558607 5.0 1049
1747241562253 5.0 1055
1747241562369 5.0 1055
1747241566839 6.0 1074
1747241571699 6.0 1099
1747241576563 6.0 1124
1747241581424 6.0 1149
