1747241342362 0.265625 24
1747241347232 0.3984375 49
1747241352094 0.328125 74
1747241356958 0.3828125 99
1747241361821 0.359375 124
1747241366682 0.359375 149
1747241371542 0.5078125 174
1747241379799 0.5234375 199
1747241384659 0.4453125 224
1747241389522 0.4296875 249
1747241394380 0.4375 274
1747241399241 0.4609375 299
1747241404103 0.4296875 324
1747241408961 0.53125 349
1747241417303 0.484375 374
1747241422163 0.484375 399
1747241427027 0.5078125 424
1747241431890 0.453125 449
1747241436751 0.5625 474
1747241441613 0.4453125 499
1747241446470 0.5 524
1747241454635 0.53125 549
1747241459502 0.484375 574
1747241464363 0.5703125 599
1747241469229 0.46875 624
1747241474083 0.5390625 649
1747241478947 0.5546875 674
1747241483808 0.53125 699
1747241492010 0.453125 724
1747241496867 0.5703125 749
1747241501725 0.515625 774
1747241506588 0.5859375 799
1747241511449 0.5703125 824
1747241516309 0.5390625 849
1747241521170 0.5859375 874
1747241529438 0.5234375 899
1747241534300 0.5234375 924
1747241539161 0.6015625 949
1747241544022 0.5234375 974
1747241548885 0.5546875 999
1747241553748 0.5390625 1024
1747241558607 0.53125 1049
1747241566839 0.625 1074
1747241571699 0.453125 1099
1747241576563 0.609375 1124
1747241581424 0.5859375 1149
