1747241342362 1.995269775390625 24
1747241347232 1.8045578002929688 49
1747241352094 1.790679931640625 74
1747241356958 1.6526641845703125 99
1747241361821 1.688934326171875 124
1747241366682 1.6237030029296875 149
1747241371542 1.4483489990234375 174
1747241379799 1.4619369506835938 199
1747241384659 1.5090866088867188 224
1747241389522 1.5703048706054688 249
1747241394380 1.5056381225585938 274
1747241399241 1.5172042846679688 299
1747241404103 1.4823532104492188 324
1747241408961 1.3125267028808594 349
1747241417303 1.3909873962402344 374
1747241422163 1.4653987884521484 399
1747241427027 1.2514457702636719 424
1747241431890 1.4673690795898438 449
1747241436751 1.2085113525390625 474
1747241441613 1.5418701171875 499
1747241446470 1.3686323165893555 524
1747241454635 1.3957061767578125 549
1747241459502 1.4402847290039062 574
1747241464363 1.2966327667236328 599
1747241469229 1.3726158142089844 624
1747241474083 1.3341355323791504 649
1747241478947 1.167501449584961 674
1747241483808 1.2503395080566406 699
1747241492010 1.4350051879882812 724
1747241496867 1.268453598022461 749
1747241501725 1.3345279693603516 774
1747241506588 1.137446403503418 799
1747241511449 1.2163162231445312 824
1747241516309 1.3369174003601074 849
1747241521170 1.1178760528564453 874
1747241529438 1.2347545623779297 899
1747241534300 1.2690658569335938 924
1747241539161 1.166036605834961 949
1747241544022 1.3194923400878906 974
1747241548885 1.2570362091064453 999
1747241553748 1.301264762878418 1024
1747241558607 1.1660995483398438 1049
1747241566839 1.0745525360107422 1074
1747241571699 1.3455486297607422 1099
1747241576563 1.1285076141357422 1124
1747241581424 1.1498451232910156 1149
