1747237635336 18.0 1599
1747237639476 18.0 1624
1747237643663 18.0 1649
1747237647838 18.0 1674
1747237651946 18.0 1699
1747237656103 18.0 1724
1747237660302 18.0 1749
1747237664270 18.0 1759
1747237664504 18.0 1759
1747237667939 19.0 1774
1747237671996 19.0 1799
1747237676106 19.0 1824
1747237680169 19.0 1849
1747237684274 19.0 1874
1747237688406 19.0 1899
1747237692521 19.0 1924
1747237696536 19.0 1935
1747237696803 19.0 1935
1747237700051 20.0 1949
1747237704173 20.0 1974
1747237708137 20.0 1999
1747237712433 20.0 2024
1747237716584 20.0 2049
1747237720878 20.0 2074
1747237725155 20.0 2099
1747237729265 20.0 2111
1747237729430 20.0 2111
1747237732505 21.0 2124
1747237736641 21.0 2149
1747237740710 21.0 2174
1747237744802 21.0 2199
1747237748923 21.0 2224
1747237753109 21.0 2249
1747237757303 21.0 2274
1747237761622 21.0 2287
1747237761889 21.0 2287
1747237764797 22.0 2299
1747237768865 22.0 2324
1747237772993 22.0 2349
1747237777154 22.0 2374
1747237781242 22.0 2399
1747237785344 22.0 2424
1747237789524 22.0 2449
1747237794052 22.0 2463
1747237794325 22.0 2463
1747237797106 23.0 2474
1747237801253 23.0 2499
1747237805367 23.0 2524
1747237809530 23.0 2549
1747237813698 23.0 2574
1747237817814 23.0 2599
1747237821903 23.0 2624
1747237826623 23.0 2639
1747237826890 23.0 2639
1747237829414 24.0 2649
1747237833585 24.0 2674
1747237837658 24.0 2699
1747237841778 24.0 2724
1747237845987 24.0 2749
1747237850170 24.0 2774
1747237854378 24.0 2799
1747237859191 24.0 2815
1747237859427 24.0 2815
1747237861742 25.0 2824
1747237865908 25.0 2849
1747237870211 25.0 2874
1747237874270 25.0 2899
1747237878271 25.0 2924
1747237882424 25.0 2949
1747237886631 25.0 2974
1747237891598 25.0 2991
1747237891833 25.0 2991
1747237894013 26.0 2999
1747237898259 26.0 3024
1747237902534 26.0 3049
1747237906703 26.0 3074
1747237910875 26.0 3099
1747237914997 26.0 3124
1747237919186 26.0 3149
1747237924424 26.0 3167
1747237924660 26.0 3167
1747237926719 27.0 3174
1747237930961 27.0 3199
1747237935048 27.0 3224
1747237939253 27.0 3249
1747237943338 27.0 3274
1747237947461 27.0 3299
1747237951629 27.0 3324
1747237956966 27.0 3343
1747237957202 27.0 3343
1747237959156 28.0 3349
1747237963323 28.0 3374
1747237967461 28.0 3399
1747237971642 28.0 3424
1747237975794 28.0 3449
1747237979987 28.0 3474
1747237984042 28.0 3499
1747237989504 28.0 3519
1747237989669 28.0 3519
1747237991451 29.0 3524
1747237995501 29.0 3549
1747237999610 29.0 3574
1747238003823 29.0 3599
1747238007819 29.0 3624
1747238011903 29.0 3649
1747238016048 29.0 3674
1747238021612 29.0 3695
1747238021753 29.0 3695
1747238023349 30.0 3699
1747238027510 30.0 3724
1747238031607 30.0 3749
1747238035582 30.0 3774
1747238039682 30.0 3799
1747238043940 30.0 3824
1747238047962 30.0 3849
1747238053887 30.0 3871
1747238054154 30.0 3871
1747238055518 31.0 3874
1747238059733 31.0 3899
1747238063838 31.0 3924
1747238067959 31.0 3949
1747238072227 31.0 3974
1747238076534 31.0 3999
1747238080648 31.0 4024
1747238086713 31.0 4047
1747238086854 31.0 4047
1747238087992 32.0 4049
1747238092233 32.0 4074
1747238096307 32.0 4099
1747238100634 32.0 4124
1747238104676 32.0 4149
1747238108842 32.0 4174
1747238112985 32.0 4199
1747238118969 32.0 4223
1747238119110 32.0 4223
1747238120164 33.0 4224
1747238124325 33.0 4249
1747238128566 33.0 4274
1747238132718 33.0 4299
1747238137006 33.0 4324
1747238141026 33.0 4349
1747238145201 33.0 4374
1747238148868 33.0 4399
