1747237664504 1.3024061918258667 1759
1747237696803 1.268649697303772 1935
1747237729430 1.2598720788955688 2111
1747237761889 1.242353081703186 2287
1747237794325 1.224913239479065 2463
1747237826890 1.2142438888549805 2639
1747237859427 1.2074404954910278 2815
1747237891833 1.1950029134750366 2991
1747237924660 1.186943531036377 3167
1747237957202 1.1783947944641113 3343
1747237989669 1.1870131492614746 3519
1747238021753 1.1704283952713013 3695
1747238054154 1.147802472114563 3871
1747238086854 1.13557767868042 4047
1747238119110 1.1562830209732056 4223
