1747237635336 0.546875 1599
1747237639476 0.5 1624
1747237643663 0.5 1649
1747237647838 0.65625 1674
1747237651946 0.53125 1699
1747237656103 0.609375 1724
1747237660302 0.578125 1749
1747237667939 0.5 1774
1747237671996 0.5 1799
1747237676106 0.640625 1824
1747237680169 0.5625 1849
1747237684274 0.6875 1874
1747237688406 0.515625 1899
1747237692521 0.609375 1924
1747237700051 0.59375 1949
1747237704173 0.5 1974
1747237708137 0.59375 1999
1747237712433 0.5625 2024
1747237716584 0.546875 2049
1747237720878 0.5 2074
1747237725155 0.59375 2099
1747237732505 0.484375 2124
1747237736641 0.46875 2149
1747237740710 0.625 2174
1747237744802 0.546875 2199
1747237748923 0.515625 2224
1747237753109 0.484375 2249
1747237757303 0.6875 2274
1747237764797 0.484375 2299
1747237768865 0.65625 2324
1747237772993 0.640625 2349
1747237777154 0.5625 2374
1747237781242 0.5625 2399
1747237785344 0.484375 2424
1747237789524 0.53125 2449
1747237797106 0.703125 2474
1747237801253 0.515625 2499
1747237805367 0.53125 2524
1747237809530 0.453125 2549
1747237813698 0.546875 2574
1747237817814 0.546875 2599
1747237821903 0.53125 2624
1747237829414 0.5625 2649
1747237833585 0.59375 2674
1747237837658 0.59375 2699
1747237841778 0.546875 2724
1747237845987 0.5625 2749
1747237850170 0.65625 2774
1747237854378 0.53125 2799
1747237861742 0.484375 2824
1747237865908 0.59375 2849
1747237870211 0.65625 2874
1747237874270 0.6875 2899
1747237878271 0.640625 2924
1747237882424 0.609375 2949
1747237886631 0.5625 2974
1747237894013 0.65625 2999
1747237898259 0.578125 3024
1747237902534 0.625 3049
1747237906703 0.640625 3074
1747237910875 0.484375 3099
1747237914997 0.59375 3124
1747237919186 0.484375 3149
1747237926719 0.546875 3174
1747237930961 0.59375 3199
1747237935048 0.515625 3224
1747237939253 0.546875 3249
1747237943338 0.625 3274
1747237947461 0.53125 3299
1747237951629 0.546875 3324
1747237959156 0.640625 3349
1747237963323 0.515625 3374
1747237967461 0.671875 3399
1747237971642 0.515625 3424
1747237975794 0.59375 3449
1747237979987 0.640625 3474
1747237984042 0.5 3499
1747237991451 0.640625 3524
1747237995501 0.515625 3549
1747237999610 0.515625 3574
1747238003823 0.65625 3599
1747238007819 0.5 3624
1747238011903 0.609375 3649
1747238016048 0.609375 3674
1747238023349 0.59375 3699
1747238027510 0.625 3724
1747238031607 0.53125 3749
1747238035582 0.640625 3774
1747238039682 0.5625 3799
1747238043940 0.5625 3824
1747238047962 0.546875 3849
1747238055518 0.703125 3874
1747238059733 0.53125 3899
1747238063838 0.671875 3924
1747238067959 0.546875 3949
1747238072227 0.578125 3974
1747238076534 0.59375 3999
1747238080648 0.578125 4024
1747238087992 0.609375 4049
1747238092233 0.546875 4074
1747238096307 0.5625 4099
1747238100634 0.5625 4124
1747238104676 0.65625 4149
1747238108842 0.65625 4174
1747238112985 0.5625 4199
1747238120164 0.640625 4224
1747238124325 0.609375 4249
1747238128566 0.546875 4274
1747238132718 0.5 4299
1747238137006 0.5 4324
1747238141026 0.5625 4349
1747238145201 0.609375 4374
1747238148868 0.6600000262260437 4399
