1747237664504 0.5428222417831421 1759
1747237696803 0.5519333481788635 1935
1747237729430 0.5607555508613586 2111
1747237761889 0.5607777833938599 2287
1747237794325 0.5671555399894714 2463
1747237826890 0.5700888633728027 2639
1747237859427 0.5733333230018616 2815
1747237891833 0.5774444341659546 2991
1747237924660 0.5834222435951233 3167
1747237957202 0.584933340549469 3343
1747237989669 0.5860888957977295 3519
1747238021753 0.5903333425521851 3695
1747238054154 0.59297776222229 3871
1747238086854 0.5979999899864197 4047
1747238119110 0.5964444279670715 4223
