1747160301333 0.0 24
1747160302735 0.0 49
1747160304185 0.0 74
1747160305665 0.0 99
1747160307044 0.0 124
1747160308523 0.0 149
1747160309849 0.0 174
1747160311321 0.0 199
1747160312843 0.0 224
1747160314190 0.0 249
1747160315695 0.0 274
1747160317151 0.0 299
1747160318558 0.0 324
1747160319917 0.0 349
1747160322322 0.0 351
1747160322446 0.0 351
1747160324175 1.0 374
1747160325610 1.0 399
1747160327037 1.0 424
1747160328420 1.0 449
1747160329912 1.0 474
1747160331289 1.0 499
1747160332728 1.0 524
1747160334162 1.0 549
1747160335527 1.0 574
1747160336944 1.0 599
1747160338404 1.0 624
1747160339754 1.0 649
1747160341145 1.0 674
1747160342649 1.0 699
1747160345066 1.0 703
1747160345185 1.0 703
1747160346811 2.0 724
1747160348295 2.0 749
1747160349672 2.0 774
1747160351119 2.0 799
1747160352522 2.0 824
1747160353994 2.0 849
1747160355379 2.0 874
1747160356805 2.0 899
1747160358202 2.0 924
1747160359635 2.0 949
1747160361022 2.0 974
1747160362526 2.0 999
1747160363942 2.0 1024
1747160365405 2.0 1049
1747160367896 2.0 1055
1747160368014 2.0 1055
1747160369550 3.0 1074
1747160370963 3.0 1099
1747160372412 3.0 1124
1747160373870 3.0 1149
1747160375326 3.0 1174
1747160376771 3.0 1199
1747160378213 3.0 1224
1747160379699 3.0 1249
1747160381008 3.0 1274
1747160382565 3.0 1299
1747160383956 3.0 1324
1747160385366 3.0 1349
1747160386831 3.0 1374
1747160388259 3.0 1399
1747160390851 3.0 1407
1747160390981 3.0 1407
1747160392443 4.0 1424
1747160393836 4.0 1449
1747160395347 4.0 1474
1747160396736 4.0 1499
1747160398165 4.0 1524
1747160399686 4.0 1549
1747160401082 4.0 1574
1747160402512 4.0 1599
1747160403929 4.0 1624
1747160405352 4.0 1649
1747160406786 4.0 1674
1747160408165 4.0 1699
1747160409614 4.0 1724
1747160411052 4.0 1749
1747160413720 4.0 1759
1747160413726 4.0 1759
1747160415067 5.0 1774
1747160416470 5.0 1799
1747160417934 5.0 1824
1747160419391 5.0 1849
1747160420840 5.0 1874
1747160422298 5.0 1899
1747160423713 5.0 1924
1747160425120 5.0 1949
1747160426539 5.0 1974
1747160427990 5.0 1999
1747160429400 5.0 2024
1747160430795 5.0 2049
1747160432283 5.0 2074
1747160433651 5.0 2099
1747160436516 5.0 2111
1747160436652 5.0 2111
1747160437855 6.0 2124
1747160439202 6.0 2149
1747160440690 6.0 2174
1747160442182 6.0 2199
1747160443644 6.0 2224
1747160445060 6.0 2249
1747160446426 6.0 2274
1747160447844 6.0 2299
1747160449257 6.0 2324
1747160450731 6.0 2349
1747160452196 6.0 2374
1747160453573 6.0 2399
1747160455005 6.0 2424
1747160456469 6.0 2449
1747160459396 6.0 2463
1747160459401 6.0 2463
1747160460463 7.0 2474
1747160461939 7.0 2499
1747160463315 7.0 2524
1747160464863 7.0 2549
1747160466239 7.0 2574
1747160467689 7.0 2599
1747160469159 7.0 2624
1747160470586 7.0 2649
1747160471995 7.0 2674
1747160473394 7.0 2699
1747160474844 7.0 2724
1747160476278 7.0 2749
1747160477747 7.0 2774
1747160479131 7.0 2799
1747160482202 7.0 2815
1747160482208 7.0 2815
1747160483224 8.0 2824
1747160484618 8.0 2849
1747160486131 8.0 2874
1747160487545 8.0 2899
1747160488991 8.0 2924
1747160490419 8.0 2949
1747160491840 8.0 2974
1747160493343 8.0 2999
1747160494724 8.0 3024
1747160496181 8.0 3049
1747160497533 8.0 3074
1747160498971 8.0 3099
1747160500419 8.0 3124
1747160501869 8.0 3149
1747160504953 8.0 3167
1747160504958 8.0 3167
1747160505784 9.0 3174
1747160507234 9.0 3199
1747160508652 9.0 3224
1747160510136 9.0 3249
1747160511615 9.0 3274
1747160513019 9.0 3299
1747160514446 9.0 3324
1747160515817 9.0 3349
1747160517285 9.0 3374
1747160518766 9.0 3399
1747160520179 9.0 3424
1747160521607 9.0 3449
1747160522998 9.0 3474
1747160524441 9.0 3499
1747160527679 9.0 3519
1747160527684 9.0 3519
1747160528446 10.0 3524
1747160529825 10.0 3549
1747160531312 10.0 3574
1747160532748 10.0 3599
1747160534152 10.0 3624
1747160535583 10.0 3649
1747160537102 10.0 3674
1747160538505 10.0 3699
1747160539914 10.0 3724
1747160541317 10.0 3749
1747160542766 10.0 3774
1747160544115 10.0 3799
1747160545552 10.0 3824
1747160546983 10.0 3849
1747160550262 10.0 3871
1747160550267 10.0 3871
1747160550910 11.0 3874
1747160552339 11.0 3899
1747160553756 11.0 3924
1747160555158 11.0 3949
1747160556675 11.0 3974
1747160558071 11.0 3999
1747160559515 11.0 4024
1747160560888 11.0 4049
1747160562267 11.0 4074
1747160563759 11.0 4099
1747160565128 11.0 4124
1747160566606 11.0 4149
1747160567999 11.0 4174
1747160569403 11.0 4199
1747160572823 11.0 4223
1747160572829 11.0 4223
1747160573358 12.0 4224
1747160574823 12.0 4249
1747160576323 12.0 4274
1747160577806 12.0 4299
1747160579311 12.0 4324
1747160580803 12.0 4349
1747160582307 12.0 4374
1747160583743 12.0 4399
1747160585294 12.0 4424
1747160586720 12.0 4449
1747160588211 12.0 4474
1747160589727 12.0 4499
1747160591130 12.0 4524
1747160592633 12.0 4549
1747160594034 12.0 4574
1747160596358 12.0 4575
1747160596485 12.0 4575
1747160598217 13.0 4599
1747160599740 13.0 4624
1747160601167 13.0 4649
1747160602622 13.0 4674
1747160604035 13.0 4699
1747160605490 13.0 4724
1747160606869 13.0 4749
1747160608259 13.0 4774
1747160609771 13.0 4799
1747160611161 13.0 4824
1747160612574 13.0 4849
1747160614015 13.0 4874
1747160615389 13.0 4899
1747160616779 13.0 4924
1747160619124 13.0 4927
1747160619130 13.0 4927
1747160620893 14.0 4949
1747160622374 14.0 4974
1747160623785 14.0 4999
1747160625284 14.0 5024
1747160626692 14.0 5049
1747160628072 14.0 5074
1747160629583 14.0 5099
1747160630991 14.0 5124
1747160632431 14.0 5149
1747160633893 14.0 5174
1747160635248 14.0 5199
1747160636684 14.0 5224
1747160638147 14.0 5249
1747160639481 14.0 5274
1747160641932 14.0 5279
1747160641938 14.0 5279
1747160643537 15.0 5299
1747160644977 15.0 5324
1747160646454 15.0 5349
1747160647935 15.0 5374
1747160649322 15.0 5399
1747160650792 15.0 5424
1747160652175 15.0 5449
1747160653608 15.0 5474
1747160655112 15.0 5499
1747160656552 15.0 5524
1747160657971 15.0 5549
1747160659424 15.0 5574
1747160660825 15.0 5599
1747160662208 15.0 5624
1747160664699 15.0 5631
1747160664705 15.0 5631
1747160666176 16.0 5649
1747160667611 16.0 5674
1747160669058 16.0 5699
1747160670527 16.0 5724
1747160671968 16.0 5749
1747160673425 16.0 5774
1747160674860 16.0 5799
1747160676249 16.0 5824
1747160677743 16.0 5849
1747160679108 16.0 5874
1747160680595 16.0 5899
1747160681977 16.0 5924
1747160683390 16.0 5949
1747160684839 16.0 5974
1747160687464 16.0 5983
1747160687597 16.0 5983
1747160689003 17.0 5999
1747160690475 17.0 6024
1747160691894 17.0 6049
1747160693319 17.0 6074
1747160694738 17.0 6099
1747160696199 17.0 6124
1747160697687 17.0 6149
1747160699033 17.0 6174
1747160700563 17.0 6199
1747160701943 17.0 6224
1747160703403 17.0 6249
1747160704791 17.0 6274
1747160706215 17.0 6299
1747160707671 17.0 6324
