1747238356423 0.2578125 24
1747238372142 0.38671875 49
1747238383502 0.3125 74
1747238398480 0.4140625 99
1747238410086 0.328125 124
1747238425075 0.40234375 149
1747238435803 0.375 174
1747238451674 0.41015625 199
1747238467602 0.47265625 224
1747238478530 0.44921875 249
1747238493454 0.41015625 274
1747238505027 0.421875 299
1747238520958 0.46484375 324
1747238531316 0.46484375 349
1747238547250 0.390625 374
1747238562519 0.453125 399
1747238574314 0.4765625 424
1747238589502 0.5 449
1747238600626 0.546875 474
1747238615828 0.4765625 499
1747238627072 0.50390625 524
1747238642831 0.48046875 549
1747238657826 0.5703125 574
1747238669287 0.51953125 599
1747238684943 0.5 624
1747238695991 0.4921875 649
1747238711195 0.5390625 674
1747238722695 0.5 699
1747238738384 0.5078125 724
1747238753681 0.46875 749
1747238765386 0.50390625 774
1747238780954 0.55078125 799
1747238793043 0.50390625 824
1747238808108 0.53515625 849
1747238819544 0.53125 874
1747238834670 0.51171875 899
1747238850195 0.55078125 924
1747238861982 0.53515625 949
1747238877705 0.55078125 974
1747238888391 0.52734375 999
1747238903798 0.59375 1024
1747238915599 0.578125 1049
1747238931226 0.53125 1074
1747238941797 0.5702479481697083 1099
1747238958678 0.5703125 1124
