1747237635336 1.2962188720703125 1599
1747237639476 1.4028167724609375 1624
1747237643663 1.3870162963867188 1649
1747237647838 1.09100341796875 1674
1747237651946 1.4574356079101562 1699
1747237656103 1.173440933227539 1724
1747237660302 1.2720870971679688 1749
1747237667939 1.2779693603515625 1774
1747237671996 1.2886123657226562 1799
1747237676106 1.1346664428710938 1824
1747237680169 1.315521240234375 1849
1747237684274 1.0637435913085938 1874
1747237688406 1.5239715576171875 1899
1747237692521 1.0935096740722656 1924
1747237700051 1.3856182098388672 1949
1747237704173 1.29296875 1974
1747237708137 1.3201904296875 1999
1747237712433 1.284515380859375 2024
1747237716584 1.1511497497558594 2049
1747237720878 1.5908660888671875 2074
1747237725155 1.0879058837890625 2099
1747237732505 1.373098373413086 2124
1747237736641 1.3586883544921875 2149
1747237740710 1.1481056213378906 2174
1747237744802 1.2380218505859375 2199
1747237748923 1.2612457275390625 2224
1747237753109 1.2968673706054688 2249
1747237757303 0.9812831878662109 2274
1747237764797 1.3057403564453125 2299
1747237768865 1.0688209533691406 2324
1747237772993 1.1102828979492188 2349
1747237777154 1.2446441650390625 2374
1747237781242 1.344329833984375 2399
1747237785344 1.2744483947753906 2424
1747237789524 1.2974052429199219 2449
1747237797106 1.2198333740234375 2474
1747237801253 1.3996734619140625 2499
1747237805367 1.3396034240722656 2524
1747237809530 1.4439468383789062 2549
1747237813698 1.1866493225097656 2574
1747237817814 1.3714523315429688 2599
1747237821903 1.1926994323730469 2624
1747237829414 1.1333732604980469 2649
1747237833585 1.0019378662109375 2674
1747237837658 1.2061920166015625 2699
1747237841778 1.3934669494628906 2724
1747237845987 0.9894142150878906 2749
1747237850170 1.2193374633789062 2774
1747237854378 1.3122100830078125 2799
1747237861742 1.2382774353027344 2824
1747237865908 1.2766685485839844 2849
1747237870211 0.9940681457519531 2874
1747237874270 1.1037979125976562 2899
1747237878271 1.1120386123657227 2924
1747237882424 1.1145858764648438 2949
1747237886631 1.099008560180664 2974
1747237894013 1.2171249389648438 2999
1747237898259 1.0645828247070312 3024
1747237902534 1.2298507690429688 3049
1747237906703 1.1250762939453125 3074
1747237910875 1.3237838745117188 3099
1747237914997 1.13330078125 3124
1747237919186 1.1863765716552734 3149
1747237926719 1.2783737182617188 3174
1747237930961 1.2141609191894531 3199
1747237935048 1.1482257843017578 3224
1747237939253 1.1917686462402344 3249
1747237943338 1.1603355407714844 3274
1747237947461 1.3734149932861328 3299
1747237951629 1.1236419677734375 3324
1747237959156 1.1359443664550781 3349
1747237963323 1.3891525268554688 3374
1747237967461 1.0314102172851562 3399
1747237971642 1.2846965789794922 3424
1747237975794 1.0802230834960938 3449
1747237979987 1.0206642150878906 3474
1747237984042 1.6070976257324219 3499
1747237991451 1.0218582153320312 3524
1747237995501 1.1255264282226562 3549
1747237999610 1.2387542724609375 3574
1747238003823 1.0271263122558594 3599
1747238007819 1.390167236328125 3624
1747238011903 1.176727294921875 3649
1747238016048 1.1408042907714844 3674
1747238023349 1.070404052734375 3699
1747238027510 1.0950698852539062 3724
1747238031607 1.147613525390625 3749
1747238035582 1.0674667358398438 3774
1747238039682 1.2128448486328125 3799
1747238043940 1.1827411651611328 3824
1747238047962 1.2543048858642578 3849
1747238055518 1.0213699340820312 3874
1747238059733 1.3601341247558594 3899
1747238063838 1.01849365234375 3924
1747238067959 1.2910270690917969 3949
1747238072227 1.0981597900390625 3974
1747238076534 1.1565055847167969 3999
1747238080648 1.2194366455078125 4024
1747238087992 1.2054023742675781 4049
1747238092233 1.151784896850586 4074
1747238096307 1.2270011901855469 4099
1747238100634 1.106102466583252 4124
1747238104676 1.0831947326660156 4149
1747238108842 1.1780204772949219 4174
1747238112985 1.1823854446411133 4199
1747238120164 1.1293258666992188 4224
1747238124325 1.10675048828125 4249
1747238128566 1.1855144500732422 4274
1747238132718 1.3165283203125 4299
1747238137006 1.3583908081054688 4324
1747238141026 1.2077293395996094 4349
1747238145201 1.3729629516601562 4374
1747238148868 0.9757641553878784 4399
