1747159594657 0.7057333588600159 351
1747159615547 0.7932888865470886 703
1747159636422 0.8068444728851318 1055
1747159657277 0.8122444152832031 1407
1747159678234 0.8188222050666809 1759
1747159699247 0.8214889168739319 2111
1747159719880 0.8261555433273315 2463
1747159740710 0.8272666931152344 2815
1747159761456 0.8281999826431274 3167
1747159782309 0.8309777975082397 3519
1747159803007 0.8318444490432739 3871
1747159823834 0.8335111141204834 4223
1747159844662 0.8355555534362793 4575
1747159865467 0.8360000252723694 4927
1747159886086 0.8355333209037781 5279
1747159906663 0.836555540561676 5631
1747159927539 0.8378888964653015 5983
1747159948432 0.8405110836029053 6335
1747159969078 0.8379777669906616 6687
1747159990594 0.8389111161231995 7039
1747160011433 0.8400222063064575 7391
1747160032294 0.8394666910171509 7743
1747160053028 0.8404666781425476 8095
1747160073989 0.8376444578170776 8447
