1747240968907 0.0 24
1747240971379 0.0 49
1747240973851 0.0 74
1747240976326 0.0 99
1747240978796 0.0 124
1747240981258 0.0 149
1747240983720 0.0 174
1747240986188 0.0 199
1747240988656 0.0 224
1747240991172 0.0 249
1747240993653 0.0 274
1747240996116 0.0 299
1747240998577 0.0 324
1747241001038 0.0 349
1747241003704 0.0 351
1747241003812 0.0 351
1747241006651 1.0 374
1747241009113 1.0 399
1747241011575 1.0 424
1747241014037 1.0 449
1747241016540 1.0 474
1747241019021 1.0 499
1747241021483 1.0 524
1747241023945 1.0 549
1747241026407 1.0 574
1747241028876 1.0 599
1747241031337 1.0 624
1747241033838 1.0 649
1747241036356 1.0 674
1747241038825 1.0 699
1747241041746 1.0 703
1747241041873 1.0 703
1747241044530 2.0 724
1747241046991 2.0 749
1747241049458 2.0 774
1747241051924 2.0 799
1747241054417 2.0 824
1747241056900 2.0 849
1747241059375 2.0 874
1747241061836 2.0 899
1747241064297 2.0 924
1747241066785 2.0 949
1747241069266 2.0 974
1747241071727 2.0 999
1747241074189 2.0 1024
1747241076650 2.0 1049
1747241079686 2.0 1055
1747241079789 2.0 1055
1747241082230 3.0 1074
