1747159575275 0.0 24
1747159576591 0.0 49
1747159577879 0.0 74
1747159579278 0.0 99
1747159580560 0.0 124
1747159581788 0.0 149
1747159583234 0.0 174
1747159584466 0.0 199
1747159585780 0.0 224
1747159587128 0.0 249
1747159588344 0.0 274
1747159589629 0.0 299
1747159590927 0.0 324
1747159592233 0.0 349
1747159594600 0.0 351
1747159594657 0.0 351
1747159596216 1.0 374
1747159597575 1.0 399
1747159598840 1.0 424
1747159600112 1.0 449
1747159601447 1.0 474
1747159602824 1.0 499
1747159604113 1.0 524
1747159605296 1.0 549
1747159606696 1.0 574
1747159607987 1.0 599
1747159609278 1.0 624
1747159610547 1.0 649
1747159611808 1.0 674
1747159613122 1.0 699
1747159615490 1.0 703
1747159615547 1.0 703
1747159616972 2.0 724
1747159618260 2.0 749
1747159619650 2.0 774
1747159620893 2.0 799
1747159622248 2.0 824
1747159623533 2.0 849
1747159624873 2.0 874
1747159626223 2.0 899
1747159627540 2.0 924
1747159628781 2.0 949
1747159630123 2.0 974
1747159631449 2.0 999
1747159632774 2.0 1024
1747159634019 2.0 1049
1747159636366 2.0 1055
1747159636422 2.0 1055
1747159637872 3.0 1074
1747159639111 3.0 1099
1747159640420 3.0 1124
1747159641724 3.0 1149
1747159643176 3.0 1174
1747159644380 3.0 1199
1747159645639 3.0 1224
1747159646954 3.0 1249
1747159648268 3.0 1274
1747159649514 3.0 1299
1747159650832 3.0 1324
1747159652060 3.0 1349
1747159653477 3.0 1374
1747159654734 3.0 1399
1747159657220 3.0 1407
1747159657277 3.0 1407
1747159658505 4.0 1424
1747159659902 4.0 1449
1747159661234 4.0 1474
1747159662472 4.0 1499
1747159663743 4.0 1524
1747159665123 4.0 1549
1747159666311 4.0 1574
1747159667780 4.0 1599
1747159669056 4.0 1624
1747159670315 4.0 1649
1747159671613 4.0 1674
1747159672801 4.0 1699
1747159674176 4.0 1724
1747159675529 4.0 1749
1747159678175 4.0 1759
1747159678234 4.0 1759
1747159679349 5.0 1774
1747159680787 5.0 1799
1747159681978 5.0 1824
1747159683398 5.0 1849
1747159684698 5.0 1874
1747159685973 5.0 1899
1747159687275 5.0 1924
1747159688594 5.0 1949
1747159689987 5.0 1974
1747159691184 5.0 1999
1747159692570 5.0 2024
1747159693817 5.0 2049
1747159695190 5.0 2074
1747159696510 5.0 2099
1747159699192 5.0 2111
1747159699247 5.0 2111
1747159700287 6.0 2124
1747159701531 6.0 2149
1747159702909 6.0 2174
1747159704192 6.0 2199
1747159705550 6.0 2224
1747159706852 6.0 2249
1747159708126 6.0 2274
1747159709353 6.0 2299
1747159710662 6.0 2324
1747159711951 6.0 2349
1747159713208 6.0 2374
1747159714484 6.0 2399
1747159715832 6.0 2424
1747159717048 6.0 2449
1747159719822 6.0 2463
1747159719880 6.0 2463
1747159720808 7.0 2474
1747159722086 7.0 2499
1747159723444 7.0 2524
1747159724731 7.0 2549
1747159726083 7.0 2574
1747159727384 7.0 2599
1747159728671 7.0 2624
1747159729996 7.0 2649
1747159731345 7.0 2674
1747159732657 7.0 2699
1747159733942 7.0 2724
1747159735185 7.0 2749
1747159736494 7.0 2774
1747159737715 7.0 2799
1747159740654 7.0 2815
1747159740710 7.0 2815
1747159741547 8.0 2824
1747159742936 8.0 2849
1747159744150 8.0 2874
1747159745504 8.0 2899
1747159746703 8.0 2924
1747159748036 8.0 2949
1747159749297 8.0 2974
1747159750581 8.0 2999
1747159751927 8.0 3024
1747159753140 8.0 3049
1747159754474 8.0 3074
1747159755805 8.0 3099
1747159757011 8.0 3124
1747159758242 8.0 3149
1747159761392 8.0 3167
1747159761456 8.0 3167
1747159762236 9.0 3174
1747159763472 9.0 3199
1747159764748 9.0 3224
1747159766200 9.0 3249
1747159767397 9.0 3274
1747159768695 9.0 3299
1747159770044 9.0 3324
1747159771373 9.0 3349
1747159772539 9.0 3374
1747159773846 9.0 3399
1747159775195 9.0 3424
1747159776468 9.0 3449
1747159777672 9.0 3474
1747159778971 9.0 3499
1747159782253 9.0 3519
1747159782309 9.0 3519
1747159782929 10.0 3524
1747159784303 10.0 3549
1747159785618 10.0 3574
1747159786801 10.0 3599
1747159788165 10.0 3624
1747159789461 10.0 3649
1747159790723 10.0 3674
1747159792026 10.0 3699
1747159793299 10.0 3724
1747159794676 10.0 3749
1747159795911 10.0 3774
1747159797216 10.0 3799
1747159798471 10.0 3824
1747159799816 10.0 3849
1747159803001 10.0 3871
1747159803007 10.0 3871
1747159803504 11.0 3874
1747159804813 11.0 3899
1747159806144 11.0 3924
1747159807475 11.0 3949
1747159808742 11.0 3974
1747159810004 11.0 3999
1747159811401 11.0 4024
1747159812692 11.0 4049
1747159814024 11.0 4074
1747159815327 11.0 4099
1747159816648 11.0 4124
1747159817894 11.0 4149
1747159819263 11.0 4174
1747159820519 11.0 4199
1747159823828 11.0 4223
1747159823834 11.0 4223
1747159824365 12.0 4224
1747159825607 12.0 4249
1747159826901 12.0 4274
1747159828181 12.0 4299
1747159829543 12.0 4324
1747159830859 12.0 4349
1747159832191 12.0 4374
1747159833332 12.0 4399
1747159834733 12.0 4424
1747159835974 12.0 4449
1747159837408 12.0 4474
1747159838572 12.0 4499
1747159839947 12.0 4524
1747159841219 12.0 4549
1747159842413 12.0 4574
1747159844605 12.0 4575
1747159844662 12.0 4575
1747159846240 13.0 4599
1747159847668 13.0 4624
1747159848940 13.0 4649
1747159850252 13.0 4674
1747159851527 13.0 4699
1747159852931 13.0 4724
1747159854167 13.0 4749
1747159855482 13.0 4774
1747159856722 13.0 4799
1747159858059 13.0 4824
1747159859316 13.0 4849
1747159860678 13.0 4874
1747159862036 13.0 4899
1747159863206 13.0 4924
1747159865411 13.0 4927
1747159865467 13.0 4927
1747159867066 14.0 4949
1747159868295 14.0 4974
1747159869582 14.0 4999
1747159870899 14.0 5024
1747159872196 14.0 5049
1747159873517 14.0 5074
1747159874853 14.0 5099
1747159876105 14.0 5124
1747159877345 14.0 5149
1747159878682 14.0 5174
1747159879971 14.0 5199
1747159881237 14.0 5224
1747159882515 14.0 5249
1747159883804 14.0 5274
1747159886080 14.0 5279
1747159886086 14.0 5279
1747159887413 15.0 5299
1747159888762 15.0 5324
1747159890061 15.0 5349
1747159891397 15.0 5374
1747159892673 15.0 5399
1747159894012 15.0 5424
1747159895235 15.0 5449
1747159896542 15.0 5474
1747159897888 15.0 5499
1747159899126 15.0 5524
1747159900447 15.0 5549
1747159901673 15.0 5574
1747159902966 15.0 5599
1747159904333 15.0 5624
1747159906657 15.0 5631
1747159906663 15.0 5631
1747159908027 16.0 5649
1747159909332 16.0 5674
1747159910623 16.0 5699
1747159912027 16.0 5724
1747159913263 16.0 5749
1747159914648 16.0 5774
1747159915867 16.0 5799
1747159917175 16.0 5824
1747159918557 16.0 5849
1747159919722 16.0 5874
1747159921132 16.0 5899
1747159922412 16.0 5924
1747159923683 16.0 5949
1747159925006 16.0 5974
1747159927481 16.0 5983
1747159927539 16.0 5983
1747159928767 17.0 5999
1747159930104 17.0 6024
1747159931352 17.0 6049
1747159932633 17.0 6074
1747159934050 17.0 6099
1747159935272 17.0 6124
1747159936549 17.0 6149
1747159937968 17.0 6174
1747159939175 17.0 6199
1747159940488 17.0 6224
1747159941832 17.0 6249
1747159943029 17.0 6274
1747159944370 17.0 6299
1747159945673 17.0 6324
1747159948426 17.0 6335
1747159948432 17.0 6335
1747159949476 18.0 6349
1747159950770 18.0 6374
1747159952059 18.0 6399
1747159953396 18.0 6424
1747159954698 18.0 6449
1747159955982 18.0 6474
1747159957356 18.0 6499
1747159958622 18.0 6524
1747159959878 18.0 6549
1747159961174 18.0 6574
1747159962487 18.0 6599
1747159963745 18.0 6624
1747159965087 18.0 6649
1747159966384 18.0 6674
1747159969072 18.0 6687
1747159969078 18.0 6687
1747159970062 19.0 6699
1747159971569 19.0 6724
1747159972847 19.0 6749
1747159974152 19.0 6774
1747159975495 19.0 6799
1747159976820 19.0 6824
1747159978114 19.0 6849
1747159979626 19.0 6874
1747159980957 19.0 6899
1747159982204 19.0 6924
1747159983477 19.0 6949
1747159984791 19.0 6974
1747159986162 19.0 6999
1747159987393 19.0 7024
1747159990587 19.0 7039
1747159990594 19.0 7039
1747159991460 20.0 7049
1747159992786 20.0 7074
1747159994093 20.0 7099
1747159995475 20.0 7124
1747159996777 20.0 7149
1747159998154 20.0 7174
1747159999392 20.0 7199
1747160000656 20.0 7224
1747160002061 20.0 7249
1747160003299 20.0 7274
1747160004566 20.0 7299
1747160005844 20.0 7324
1747160007168 20.0 7349
1747160008443 20.0 7374
1747160011428 20.0 7391
1747160011433 20.0 7391
1747160012249 21.0 7399
1747160013493 21.0 7424
1747160014863 21.0 7449
1747160016182 21.0 7474
1747160017527 21.0 7499
1747160018865 21.0 7524
1747160020150 21.0 7549
1747160021409 21.0 7574
1747160022808 21.0 7599
1747160023984 21.0 7624
1747160025355 21.0 7649
1747160026720 21.0 7674
1747160027935 21.0 7699
1747160029243 21.0 7724
1747160032288 21.0 7743
1747160032294 21.0 7743
1747160032986 22.0 7749
1747160034335 22.0 7774
1747160035536 22.0 7799
1747160036936 22.0 7824
1747160038211 22.0 7849
1747160039522 22.0 7874
1747160040798 22.0 7899
1747160042137 22.0 7924
1747160043505 22.0 7949
1747160044770 22.0 7974
1747160046064 22.0 7999
1747160047317 22.0 8024
1747160048616 22.0 8049
1747160049903 22.0 8074
1747160053023 22.0 8095
1747160053028 22.0 8095
1747160053607 23.0 8099
1747160054929 23.0 8124
1747160056223 23.0 8149
1747160057548 23.0 8174
1747160058801 23.0 8199
1747160060185 23.0 8224
1747160061478 23.0 8249
1747160062796 23.0 8274
1747160064147 23.0 8299
1747160065443 23.0 8324
1747160066822 23.0 8349
1747160068103 23.0 8374
1747160069320 23.0 8399
1747160070616 23.0 8424
1747160073984 23.0 8447
1747160073989 23.0 8447
1747160074537 24.0 8449
1747160075744 24.0 8474
1747160077099 24.0 8499
