1747159575275 0.5078125 24
1747159576591 0.625 49
1747159577879 0.703125 74
1747159579278 0.65625 99
1747159580560 0.75 124
1747159581788 0.6875 149
1747159583234 0.71875 174
1747159584466 0.765625 199
1747159585780 0.6875 224
1747159587128 0.796875 249
1747159588344 0.78125 274
1747159589629 0.75 299
1747159590927 0.7578125 324
1747159592233 0.7421875 349
1747159596216 0.75 374
1747159597575 0.828125 399
1747159598840 0.765625 424
1747159600112 0.75 449
1747159601447 0.78125 474
1747159602824 0.8671875 499
1747159604113 0.828125 524
1747159605296 0.8359375 549
1747159606696 0.8359375 574
1747159607987 0.796875 599
1747159609278 0.7578125 624
1747159610547 0.8359375 649
1747159611808 0.6953125 674
1747159613122 0.828125 699
1747159616972 0.796875 724
1747159618260 0.8125 749
1747159619650 0.765625 774
1747159620893 0.796875 799
1747159622248 0.828125 824
1747159623533 0.8046875 849
1747159624873 0.828125 874
1747159626223 0.828125 899
1747159627540 0.828125 924
1747159628781 0.84375 949
1747159630123 0.8125 974
1747159631449 0.828125 999
1747159632774 0.8203125 1024
1747159634019 0.8046875 1049
1747159637872 0.828125 1074
1747159639111 0.8125 1099
1747159640420 0.8515625 1124
1747159641724 0.8125 1149
1747159643176 0.765625 1174
1747159644380 0.796875 1199
1747159645639 0.7890625 1224
1747159646954 0.828125 1249
1747159648268 0.7890625 1274
1747159649514 0.859375 1299
1747159650832 0.859375 1324
1747159652060 0.8359375 1349
1747159653477 0.75 1374
1747159654734 0.8203125 1399
1747159658505 0.8125 1424
1747159659902 0.8125 1449
1747159661234 0.828125 1474
1747159662472 0.84375 1499
1747159663743 0.7421875 1524
1747159665123 0.859375 1549
1747159666311 0.75 1574
1747159667780 0.7734375 1599
1747159669056 0.8359375 1624
1747159670315 0.8125 1649
1747159671613 0.796875 1674
1747159672801 0.8203125 1699
1747159674176 0.8671875 1724
1747159675529 0.8046875 1749
1747159679349 0.796875 1774
1747159680787 0.78125 1799
1747159681978 0.8671875 1824
1747159683398 0.796875 1849
1747159684698 0.8203125 1874
1747159685973 0.8359375 1899
1747159687275 0.796875 1924
1747159688594 0.7421875 1949
1747159689987 0.828125 1974
1747159691184 0.8046875 1999
1747159692570 0.8203125 2024
1747159693817 0.7890625 2049
1747159695190 0.8671875 2074
1747159696510 0.84375 2099
1747159700287 0.84375 2124
1747159701531 0.7890625 2149
1747159702909 0.8671875 2174
1747159704192 0.84375 2199
1747159705550 0.8515625 2224
1747159706852 0.8203125 2249
1747159708126 0.8125 2274
1747159709353 0.796875 2299
1747159710662 0.859375 2324
1747159711951 0.84375 2349
1747159713208 0.8046875 2374
1747159714484 0.796875 2399
1747159715832 0.796875 2424
1747159717048 0.7421875 2449
1747159720808 0.8125 2474
1747159722086 0.7734375 2499
1747159723444 0.8359375 2524
1747159724731 0.8046875 2549
1747159726083 0.828125 2574
1747159727384 0.8515625 2599
1747159728671 0.859375 2624
1747159729996 0.7890625 2649
1747159731345 0.8046875 2674
1747159732657 0.796875 2699
1747159733942 0.875 2724
1747159735185 0.796875 2749
1747159736494 0.765625 2774
1747159737715 0.828125 2799
1747159741547 0.8046875 2824
1747159742936 0.8359375 2849
1747159744150 0.875 2874
1747159745504 0.8046875 2899
1747159746703 0.8125 2924
1747159748036 0.8125 2949
1747159749297 0.8046875 2974
1747159750581 0.796875 2999
1747159751927 0.7734375 3024
1747159753140 0.875 3049
1747159754474 0.828125 3074
1747159755805 0.828125 3099
1747159757011 0.8125 3124
1747159758242 0.8203125 3149
1747159762236 0.796875 3174
1747159763472 0.8125 3199
1747159764748 0.890625 3224
1747159766200 0.7734375 3249
1747159767397 0.84375 3274
1747159768695 0.828125 3299
1747159770044 0.84375 3324
1747159771373 0.84375 3349
1747159772539 0.890625 3374
1747159773846 0.8671875 3399
1747159775195 0.8125 3424
1747159776468 0.8125 3449
1747159777672 0.859375 3474
1747159778971 0.859375 3499
1747159782929 0.8359375 3524
1747159784303 0.8359375 3549
1747159785618 0.84375 3574
1747159786801 0.8515625 3599
1747159788165 0.8671875 3624
1747159789461 0.8515625 3649
1747159790723 0.8828125 3674
1747159792026 0.7890625 3699
1747159793299 0.828125 3724
1747159794676 0.8359375 3749
1747159795911 0.8125 3774
1747159797216 0.8125 3799
1747159798471 0.8359375 3824
1747159799816 0.8359375 3849
1747159803504 0.8203125 3874
1747159804813 0.8828125 3899
1747159806144 0.7578125 3924
1747159807475 0.859375 3949
1747159808742 0.8125 3974
1747159810004 0.84375 3999
1747159811401 0.7890625 4024
1747159812692 0.875 4049
1747159814024 0.828125 4074
1747159815327 0.8359375 4099
1747159816648 0.828125 4124
1747159817894 0.9140625 4149
1747159819263 0.8359375 4174
1747159820519 0.78125 4199
1747159824365 0.8359375 4224
1747159825607 0.8515625 4249
1747159826901 0.84375 4274
1747159828181 0.8828125 4299
1747159829543 0.8828125 4324
1747159830859 0.84375 4349
1747159832191 0.859375 4374
1747159833332 0.8125 4399
1747159834733 0.8125 4424
1747159835974 0.828125 4449
1747159837408 0.8359375 4474
1747159838572 0.8515625 4499
1747159839947 0.828125 4524
1747159841219 0.8125 4549
1747159842413 0.8359375 4574
1747159846240 0.859375 4599
1747159847668 0.84375 4624
1747159848940 0.84375 4649
1747159850252 0.8828125 4674
1747159851527 0.859375 4699
1747159852931 0.8046875 4724
1747159854167 0.765625 4749
1747159855482 0.8828125 4774
1747159856722 0.8359375 4799
1747159858059 0.8359375 4824
1747159859316 0.8515625 4849
1747159860678 0.875 4874
1747159862036 0.84375 4899
1747159863206 0.7734375 4924
1747159867066 0.8515625 4949
1747159868295 0.8828125 4974
1747159869582 0.8515625 4999
1747159870899 0.828125 5024
1747159872196 0.796875 5049
1747159873517 0.8359375 5074
1747159874853 0.84375 5099
1747159876105 0.859375 5124
1747159877345 0.8125 5149
1747159878682 0.8359375 5174
1747159879971 0.828125 5199
1747159881237 0.8125 5224
1747159882515 0.828125 5249
1747159883804 0.796875 5274
1747159887413 0.765625 5299
1747159888762 0.8359375 5324
1747159890061 0.7890625 5349
1747159891397 0.8125 5374
1747159892673 0.8515625 5399
1747159894012 0.7734375 5424
1747159895235 0.875 5449
1747159896542 0.8359375 5474
1747159897888 0.765625 5499
1747159899126 0.8046875 5524
1747159900447 0.8125 5549
1747159901673 0.875 5574
1747159902966 0.84375 5599
1747159904333 0.84375 5624
1747159908027 0.8671875 5649
1747159909332 0.8203125 5674
1747159910623 0.765625 5699
1747159912027 0.8125 5724
1747159913263 0.796875 5749
1747159914648 0.8828125 5774
1747159915867 0.84375 5799
1747159917175 0.78125 5824
1747159918557 0.828125 5849
1747159919722 0.875 5874
1747159921132 0.8671875 5899
1747159922412 0.828125 5924
1747159923683 0.8125 5949
1747159925006 0.828125 5974
1747159928767 0.8671875 5999
1747159930104 0.8515625 6024
1747159931352 0.859375 6049
1747159932633 0.875 6074
1747159934050 0.828125 6099
1747159935272 0.8671875 6124
1747159936549 0.8203125 6149
1747159937968 0.8125 6174
1747159939175 0.796875 6199
1747159940488 0.859375 6224
1747159941832 0.84375 6249
1747159943029 0.8515625 6274
1747159944370 0.8828125 6299
1747159945673 0.8515625 6324
1747159949476 0.8515625 6349
1747159950770 0.84375 6374
1747159952059 0.8203125 6399
1747159953396 0.8359375 6424
1747159954698 0.8203125 6449
1747159955982 0.8046875 6474
1747159957356 0.8515625 6499
1747159958622 0.8515625 6524
1747159959878 0.75 6549
1747159961174 0.875 6574
1747159962487 0.8359375 6599
1747159963745 0.8515625 6624
1747159965087 0.8046875 6649
1747159966384 0.859375 6674
1747159970062 0.84375 6699
1747159971569 0.8125 6724
1747159972847 0.8828125 6749
1747159974152 0.8203125 6774
1747159975495 0.8828125 6799
1747159976820 0.875 6824
1747159978114 0.859375 6849
1747159979626 0.84375 6874
1747159980957 0.859375 6899
1747159982204 0.84375 6924
1747159983477 0.8203125 6949
1747159984791 0.84375 6974
1747159986162 0.8359375 6999
1747159987393 0.859375 7024
1747159991460 0.8046875 7049
1747159992786 0.859375 7074
1747159994093 0.8671875 7099
1747159995475 0.828125 7124
1747159996777 0.8046875 7149
1747159998154 0.8125 7174
1747159999392 0.84375 7199
1747160000656 0.8515625 7224
1747160002061 0.8046875 7249
1747160003299 0.8046875 7274
1747160004566 0.8515625 7299
1747160005844 0.8515625 7324
1747160007168 0.90625 7349
1747160008443 0.875 7374
1747160012249 0.890625 7399
1747160013493 0.8359375 7424
1747160014863 0.8359375 7449
1747160016182 0.8515625 7474
1747160017527 0.84375 7499
1747160018865 0.859375 7524
1747160020150 0.8203125 7549
1747160021409 0.8203125 7574
1747160022808 0.8671875 7599
1747160023984 0.8125 7624
1747160025355 0.6953125 7649
1747160026720 0.796875 7674
1747160027935 0.8203125 7699
1747160029243 0.7890625 7724
1747160032986 0.8671875 7749
1747160034335 0.828125 7774
1747160035536 0.8203125 7799
1747160036936 0.7890625 7824
1747160038211 0.8125 7849
1747160039522 0.7890625 7874
1747160040798 0.796875 7899
1747160042137 0.859375 7924
1747160043505 0.84375 7949
1747160044770 0.7578125 7974
1747160046064 0.8359375 7999
1747160047317 0.828125 8024
1747160048616 0.8828125 8049
1747160049903 0.78125 8074
1747160053607 0.8515625 8099
1747160054929 0.8828125 8124
1747160056223 0.8125 8149
1747160057548 0.8046875 8174
1747160058801 0.8515625 8199
1747160060185 0.859375 8224
1747160061478 0.8203125 8249
1747160062796 0.8359375 8274
1747160064147 0.828125 8299
1747160065443 0.828125 8324
1747160066822 0.828125 8349
1747160068103 0.8359375 8374
1747160069320 0.8125 8399
1747160070616 0.828125 8424
1747160074537 0.8046875 8449
1747160075744 0.8515625 8474
1747160077099 0.828125 8499
