1747159575275 1.88201904296875 24
1747159576591 1.591278076171875 49
1747159577879 1.36602783203125 74
1747159579278 1.24981689453125 99
1747159580560 1.0797309875488281 124
1747159581788 1.1095962524414062 149
1747159583234 0.991032600402832 174
1747159584466 0.8708114624023438 199
1747159585780 0.9758758544921875 224
1747159587128 0.7574825286865234 249
1747159588344 0.819371223449707 274
1747159589629 0.8529019355773926 299
1747159590927 0.74822998046875 324
1747159592233 0.8158140182495117 349
1747159596216 0.7107985019683838 374
1747159597575 0.6988084316253662 399
1747159598840 0.6820929050445557 424
1747159600112 0.6934804916381836 449
1747159601447 0.7086973786354065 474
1747159602824 0.557438850402832 499
1747159604113 0.5830276012420654 524
1747159605296 0.5754554271697998 549
1747159606696 0.628368079662323 574
1747159607987 0.6294229030609131 599
1747159609278 0.7182908058166504 624
1747159610547 0.5597050189971924 649
1747159611808 0.7521283626556396 674
1747159613122 0.5827786922454834 699
1747159616972 0.6238846182823181 724
1747159618260 0.6260344982147217 749
1747159619650 0.6328446865081787 774
1747159620893 0.6089141964912415 799
1747159622248 0.5401852130889893 824
1747159623533 0.6679415106773376 849
1747159624873 0.6081807613372803 874
1747159626223 0.528587818145752 899
1747159627540 0.5272942781448364 924
1747159628781 0.49904710054397583 949
1747159630123 0.549095869064331 974
1747159631449 0.5417913198471069 999
1747159632774 0.5577293634414673 1024
1747159634019 0.5570462942123413 1049
1747159637872 0.5085780620574951 1074
1747159639111 0.5672861337661743 1099
1747159640420 0.4911053478717804 1124
1747159641724 0.5700000524520874 1149
1747159643176 0.6675794124603271 1174
1747159644380 0.5270389914512634 1199
1747159645639 0.5828492641448975 1224
1747159646954 0.5869064331054688 1249
1747159648268 0.6109520792961121 1274
1747159649514 0.4890748858451843 1299
1747159650832 0.4408489465713501 1324
1747159652060 0.48429954051971436 1349
1747159653477 0.6261907815933228 1374
1747159654734 0.46212685108184814 1399
1747159658505 0.5294235348701477 1424
1747159659902 0.5834531784057617 1449
1747159661234 0.4628249406814575 1474
1747159662472 0.5763577818870544 1499
1747159663743 0.6477006077766418 1524
1747159665123 0.4567054212093353 1549
1747159666311 0.6580585241317749 1574
1747159667780 0.5793629884719849 1599
1747159669056 0.5056263208389282 1624
1747159670315 0.5711390376091003 1649
1747159671613 0.6541891098022461 1674
1747159672801 0.5299432873725891 1699
1747159674176 0.4654369652271271 1724
1747159675529 0.5282820463180542 1749
1747159679349 0.604648232460022 1774
1747159680787 0.573494553565979 1799
1747159681978 0.5034597516059875 1824
1747159683398 0.5097236633300781 1849
1747159684698 0.507644772529602 1874
1747159685973 0.4793003797531128 1899
1747159687275 0.49125513434410095 1924
1747159688594 0.7514119148254395 1949
1747159689987 0.6030820608139038 1974
1747159691184 0.506754994392395 1999
1747159692570 0.5573775768280029 2024
1747159693817 0.5736627578735352 2049
1747159695190 0.5042039155960083 2074
1747159696510 0.4857415556907654 2099
1747159700287 0.4967673122882843 2124
1747159701531 0.5850903391838074 2149
1747159702909 0.426115483045578 2174
1747159704192 0.5101602077484131 2199
1747159705550 0.4588916003704071 2224
1747159706852 0.43524283170700073 2249
1747159708126 0.514577329158783 2274
1747159709353 0.5303452610969543 2299
1747159710662 0.4171873927116394 2324
1747159711951 0.4294527471065521 2349
1747159713208 0.5563728213310242 2374
1747159714484 0.5179330110549927 2399
1747159715832 0.5609015226364136 2424
1747159717048 0.6901919841766357 2449
1747159720808 0.48747795820236206 2474
1747159722086 0.621936023235321 2499
1747159723444 0.4625122845172882 2524
1747159724731 0.5554360151290894 2549
1747159726083 0.5212022662162781 2574
1747159727384 0.5085440874099731 2599
1747159728671 0.48905646800994873 2624
1747159729996 0.5636670589447021 2649
1747159731345 0.5292588472366333 2674
1747159732657 0.5690198540687561 2699
1747159733942 0.4530755579471588 2724
1747159735185 0.47869443893432617 2749
1747159736494 0.5433772802352905 2774
1747159737715 0.5320706367492676 2799
1747159741547 0.6229655146598816 2824
1747159742936 0.5055015087127686 2849
1747159744150 0.461104154586792 2874
1747159745504 0.5420101284980774 2899
1747159746703 0.5054665803909302 2924
1747159748036 0.5274485945701599 2949
1747159749297 0.5009936094284058 2974
1747159750581 0.5833685398101807 2999
1747159751927 0.5879243612289429 3024
1747159753140 0.4461769163608551 3049
1747159754474 0.4112760126590729 3074
1747159755805 0.4565770626068115 3099
1747159757011 0.5875364542007446 3124
1747159758242 0.48747655749320984 3149
1747159762236 0.5545899271965027 3174
1747159763472 0.5017104148864746 3199
1747159764748 0.31847161054611206 3224
1747159766200 0.6144864559173584 3249
1747159767397 0.42968103289604187 3274
1747159768695 0.6771436929702759 3299
1747159770044 0.5111759901046753 3324
1747159771373 0.40252435207366943 3349
1747159772539 0.3964681923389435 3374
1747159773846 0.3960868716239929 3399
1747159775195 0.4794398844242096 3424
1747159776468 0.5145944356918335 3449
1747159777672 0.4173746407032013 3474
1747159778971 0.49414005875587463 3499
1747159782929 0.4063242971897125 3524
1747159784303 0.5131723284721375 3549
1747159785618 0.42865753173828125 3574
1747159786801 0.523488461971283 3599
1747159788165 0.4333651661872864 3624
1747159789461 0.4318898618221283 3649
1747159790723 0.40148401260375977 3674
1747159792026 0.5151835680007935 3699
1747159793299 0.4703010320663452 3724
1747159794676 0.46812325716018677 3749
1747159795911 0.45469918847084045 3774
1747159797216 0.4523773789405823 3799
1747159798471 0.49211248755455017 3824
1747159799816 0.45961254835128784 3849
1747159803504 0.5459518432617188 3874
1747159804813 0.39572417736053467 3899
1747159806144 0.6655049324035645 3924
1747159807475 0.40934523940086365 3949
1747159808742 0.4380355477333069 3974
1747159810004 0.4471689462661743 3999
1747159811401 0.6337624788284302 4024
1747159812692 0.40377339720726013 4049
1747159814024 0.5617585182189941 4074
1747159815327 0.5083154439926147 4099
1747159816648 0.5023220181465149 4124
1747159817894 0.2886357605457306 4149
1747159819263 0.49532267451286316 4174
1747159820519 0.5714223980903625 4199
1747159824365 0.427753746509552 4224
1747159825607 0.5128940343856812 4249
1747159826901 0.4832591712474823 4274
1747159828181 0.3540365695953369 4299
1747159829543 0.3247981667518616 4324
1747159830859 0.44484296441078186 4349
1747159832191 0.42027437686920166 4374
1747159833332 0.5774282813072205 4399
1747159834733 0.43873870372772217 4424
1747159835974 0.4549766778945923 4449
1747159837408 0.5489211082458496 4474
1747159838572 0.4114207625389099 4499
1747159839947 0.46343472599983215 4524
1747159841219 0.44205981492996216 4549
1747159842413 0.4587286412715912 4574
1747159846240 0.49024340510368347 4599
1747159847668 0.5163058638572693 4624
1747159848940 0.5264142155647278 4649
1747159850252 0.36423248052597046 4674
1747159851527 0.39156103134155273 4699
1747159852931 0.48677513003349304 4724
1747159854167 0.6628454923629761 4749
1747159855482 0.4053395092487335 4774
1747159856722 0.43963760137557983 4799
1747159858059 0.4585700035095215 4824
1747159859316 0.45074522495269775 4849
1747159860678 0.35619884729385376 4874
1747159862036 0.46556511521339417 4899
1747159863206 0.5661744475364685 4924
1747159867066 0.44587385654449463 4949
1747159868295 0.45693203806877136 4974
1747159869582 0.45025455951690674 4999
1747159870899 0.4921743869781494 5024
1747159872196 0.5365908145904541 5049
1747159873517 0.5494920015335083 5074
1747159874853 0.4632558822631836 5099
1747159876105 0.4671093821525574 5124
1747159877345 0.5355936884880066 5149
1747159878682 0.477055162191391 5174
1747159879971 0.45119649171829224 5199
1747159881237 0.4421195983886719 5224
1747159882515 0.4419722855091095 5249
1747159883804 0.5030503273010254 5274
1747159887413 0.5557771325111389 5299
1747159888762 0.5104847550392151 5324
1747159890061 0.5292718410491943 5349
1747159891397 0.46938854455947876 5374
1747159892673 0.4020978510379791 5399
1747159894012 0.6536235809326172 5424
1747159895235 0.4215456247329712 5449
1747159896542 0.48813098669052124 5474
1747159897888 0.5474584102630615 5499
1747159899126 0.529797375202179 5524
1747159900447 0.5734943747520447 5549
1747159901673 0.3852598965167999 5574
1747159902966 0.42154717445373535 5599
1747159904333 0.45287400484085083 5624
1747159908027 0.41538986563682556 5649
1747159909332 0.4712112247943878 5674
1747159910623 0.6198871731758118 5699
1747159912027 0.5017963647842407 5724
1747159913263 0.5444083213806152 5749
1747159914648 0.3529651463031769 5774
1747159915867 0.4270290434360504 5799
1747159917175 0.5402368307113647 5824
1747159918557 0.4432964622974396 5849
1747159919722 0.418768048286438 5874
1747159921132 0.42742133140563965 5899
1747159922412 0.5777139067649841 5924
1747159923683 0.5302344560623169 5949
1747159925006 0.4691271483898163 5974
1747159928767 0.43335089087486267 5999
1747159930104 0.45749911665916443 6024
1747159931352 0.43928444385528564 6049
1747159932633 0.4546768367290497 6074
1747159934050 0.5221035480499268 6099
1747159935272 0.45030680298805237 6124
1747159936549 0.4791377782821655 6149
1747159937968 0.418376624584198 6174
1747159939175 0.5719302892684937 6199
1747159940488 0.522087574005127 6224
1747159941832 0.5064080357551575 6249
1747159943029 0.41192197799682617 6274
1747159944370 0.3706604540348053 6299
1747159945673 0.4077692925930023 6324
1747159949476 0.4197063446044922 6349
1747159950770 0.43138185143470764 6374
1747159952059 0.5415118932723999 6399
1747159953396 0.46710148453712463 6424
1747159954698 0.485271155834198 6449
1747159955982 0.6116491556167603 6474
1747159957356 0.41744399070739746 6499
1747159958622 0.4446098506450653 6524
1747159959878 0.6307961940765381 6549
1747159961174 0.38999441266059875 6574
1747159962487 0.45444455742836 6599
1747159963745 0.3710061013698578 6624
1747159965087 0.532429575920105 6649
1747159966384 0.4387100040912628 6674
1747159970062 0.4376952052116394 6699
1747159971569 0.5611947774887085 6724
1747159972847 0.3623121976852417 6749
1747159974152 0.533772349357605 6774
1747159975495 0.39090582728385925 6799
1747159976820 0.44425636529922485 6824
1747159978114 0.3898496925830841 6849
1747159979626 0.5365071296691895 6874
1747159980957 0.4455118775367737 6899
1747159982204 0.4721435606479645 6924
1747159983477 0.5284131765365601 6949
1747159984791 0.45061764121055603 6974
1747159986162 0.4688023328781128 6999
1747159987393 0.4209868609905243 7024
1747159991460 0.5436490178108215 7049
1747159992786 0.4133214056491852 7074
1747159994093 0.4318559765815735 7099
1747159995475 0.5273337364196777 7124
1747159996777 0.56728196144104 7149
1747159998154 0.45917659997940063 7174
1747159999392 0.42545902729034424 7199
1747160000656 0.49577799439430237 7224
1747160002061 0.5513603687286377 7249
1747160003299 0.4908711016178131 7274
1747160004566 0.40530258417129517 7299
1747160005844 0.47314172983169556 7324
1747160007168 0.31597721576690674 7349
1747160008443 0.346095472574234 7374
1747160012249 0.4014250338077545 7399
1747160013493 0.48200181126594543 7424
1747160014863 0.46276891231536865 7449
1747160016182 0.448282927274704 7474
1747160017527 0.39766156673431396 7499
1747160018865 0.46254998445510864 7524
1747160020150 0.4958474636077881 7549
1747160021409 0.4509342312812805 7574
1747160022808 0.36033764481544495 7599
1747160023984 0.5092008709907532 7624
1747160025355 0.6948773860931396 7649
1747160026720 0.5449143648147583 7674
1747160027935 0.5089766979217529 7699
1747160029243 0.5541244745254517 7724
1747160032986 0.39166462421417236 7749
1747160034335 0.4644349217414856 7774
1747160035536 0.5050113797187805 7799
1747160036936 0.508272111415863 7824
1747160038211 0.5160582661628723 7849
1747160039522 0.5769824385643005 7874
1747160040798 0.45301151275634766 7899
1747160042137 0.4074123501777649 7924
1747160043505 0.41203737258911133 7949
1747160044770 0.6354660987854004 7974
1747160046064 0.42241403460502625 7999
1747160047317 0.4293203353881836 8024
1747160048616 0.36517176032066345 8049
1747160049903 0.5061792135238647 8074
1747160053607 0.42391878366470337 8099
1747160054929 0.3446008861064911 8124
1747160056223 0.4998130202293396 8149
1747160057548 0.5992069244384766 8174
1747160058801 0.44268912076950073 8199
1747160060185 0.47985345125198364 8224
1747160061478 0.5029522180557251 8249
1747160062796 0.4912920296192169 8274
1747160064147 0.5746827125549316 8299
1747160065443 0.40685710310935974 8324
1747160066822 0.5204522013664246 8349
1747160068103 0.49766191840171814 8374
1747160069320 0.5197997093200684 8399
1747160070616 0.5417806506156921 8424
1747160074537 0.48142075538635254 8449
1747160075744 0.379545658826828 8474
1747160077099 0.46161845326423645 8499
