1747159594657 1.099159836769104 351
1747159615547 0.6628242135047913 703
1747159636422 0.588887631893158 1055
1747159657277 0.5557817220687866 1407
1747159678234 0.5377984642982483 1759
1747159699247 0.5221431255340576 2111
1747159719880 0.5105664730072021 2463
1747159740710 0.5001215934753418 2815
1747159761456 0.49704864621162415 3167
1747159782309 0.4912668764591217 3519
1747159803007 0.4866587221622467 3871
1747159823834 0.4821607768535614 4223
1747159844662 0.47715091705322266 4575
1747159865467 0.47596827149391174 4927
1747159886086 0.47273948788642883 5279
1747159906663 0.4701344072818756 5631
1747159927539 0.4699611961841583 5983
1747159948432 0.46512889862060547 6335
1747159969078 0.4674297273159027 6687
1747159990594 0.4622177481651306 7039
1747160011433 0.46108758449554443 7391
1747160032294 0.46115708351135254 7743
1747160053028 0.4603150486946106 8095
1747160073989 0.4638103246688843 8447
