1747236780391 2.025146484375 24
1747236786283 1.83966064453125 49
1747236792350 1.8470611572265625 74
1747236801586 1.84521484375 99
1747236807191 1.7270355224609375 124
1747236813150 1.8179931640625 149
1747236818503 1.7198638916015625 174
1747236828115 1.64068603515625 199
1747236833659 1.6874237060546875 224
1747236839475 1.7524871826171875 249
1747236848924 1.785858154296875 274
1747236854427 1.5745697021484375 299
1747236860145 1.5900726318359375 324
1747236865862 1.5144729614257812 349
1747236875412 1.56597900390625 374
1747236881023 1.526519775390625 399
1747236887022 1.6036605834960938 424
1747236896094 1.536773681640625 449
1747236901834 1.5163040161132812 474
1747236907647 1.5161514282226562 499
1747236913323 1.5677947998046875 524
1747236922739 1.595672607421875 549
1747236928384 1.5024795532226562 574
1747236934286 1.4744338989257812 599
1747236943734 1.49847412109375 624
1747236949670 1.471038818359375 649
1747236955699 1.2746391296386719 674
1747236961254 1.5219955444335938 699
1747236970770 1.37060546875 724
1747236976652 1.5713119506835938 749
1747236982263 1.5006179809570312 774
1747236991541 1.33135986328125 799
1747236997338 1.2889575958251953 824
1747237003138 1.2996902465820312 849
1747237009039 1.6534004211425781 874
1747237018351 1.2431411743164062 899
1747237023975 1.3654632568359375 924
1747237029851 1.2552757263183594 949
1747237039250 1.3576154708862305 974
1747237044894 1.4006156921386719 999
1747237050762 1.3559341430664062 1024
1747237056635 1.44293212890625 1049
1747237065870 1.415597915649414 1074
1747237071435 1.3718109130859375 1099
1747237077536 1.3055229187011719 1124
1747237086734 1.390289306640625 1149
1747237092723 1.2751235961914062 1174
1747237098383 1.1838111877441406 1199
1747237104210 1.4004096984863281 1224
1747237113358 1.3515968322753906 1249
1747237119167 1.4653205871582031 1274
1747237125120 1.300675392150879 1299
1747237134371 1.4563140869140625 1324
1747237140278 1.267526626586914 1349
1747237145906 1.2515335083007812 1374
1747237151859 1.1648426055908203 1399
1747237161419 1.4606475830078125 1424
1747237166986 1.1323127746582031 1449
1747237172703 1.3511295318603516 1474
1747237181917 1.3208255767822266 1499
1747237188127 1.1035633087158203 1524
1747237193938 1.4067878723144531 1549
1747237199806 1.463409423828125 1574
1747237209128 1.2095222473144531 1599
1747237214862 1.202291488647461 1624
1747237220430 1.2615289688110352 1649
1747237229772 1.2776412963867188 1674
1747237235482 1.3186225891113281 1699
1747237241346 1.3427762985229492 1724
1747237247291 1.1788172721862793 1749
