1747236797440 0.2872222363948822 87
1747236821210 0.3656666576862335 175
1747236844989 0.4015111029148102 263
1747236868812 0.4275999963283539 351
1747236892641 0.44688889384269714 439
1747236916451 0.4628444314002991 527
1747236940224 0.47635555267333984 615
1747236964431 0.48722222447395325 703
1747236988347 0.4960666596889496 791
1747237012351 0.5045999884605408 879
1747237036263 0.5104666948318481 967
1747237060081 0.5224666595458984 1055
1747237083981 0.5302888751029968 1143
1747237107962 0.5319111347198486 1231
1747237131995 0.5401555299758911 1319
1747237155970 0.5406000018119812 1407
1747237179825 0.5472666621208191 1495
1747237203902 0.5541555285453796 1583
1747237227728 0.5584889054298401 1671
1747237251718 0.5630000233650208 1759
