1747241769804 0.0 24
1747241774666 0.0 49
1747241779526 0.0 74
1747241784387 0.0 99
1747241789251 0.0 124
1747241794112 0.0 149
1747241798965 0.0 174
1747241801560 0.0 175
1747241801672 0.0 175
1747241807287 1.0 199
1747241812147 1.0 224
1747241817003 1.0 249
1747241821864 1.0 274
1747241826724 1.0 299
1747241831588 1.0 324
1747241836468 1.0 349
1747241839409 1.0 351
1747241839550 1.0 351
1747241845006 2.0 374
1747241849866 2.0 399
1747241854721 2.0 424
1747241859581 2.0 449
1747241864441 2.0 474
1747241869299 2.0 499
1747241874160 2.0 524
1747241877210 2.0 527
1747241877359 2.0 527
1747241882353 3.0 549
1747241887215 3.0 574
1747241892075 3.0 599
1747241896937 3.0 624
1747241901798 3.0 649
1747241906661 3.0 674
1747241911518 3.0 699
1747241914847 3.0 703
1747241914995 3.0 703
1747241919899 4.0 724
1747241924764 4.0 749
1747241929626 4.0 774
1747241934485 4.0 799
1747241939348 4.0 824
1747241944209 4.0 849
1747241949073 4.0 874
1747241952606 4.0 879
1747241952756 4.0 879
1747241957461 5.0 899
1747241962327 5.0 924
1747241967190 5.0 949
1747241972051 5.0 974
1747241976911 5.0 999
1747241981771 5.0 1024
1747241986633 5.0 1049
1747241990341 5.0 1055
1747241990489 5.0 1055
1747241995104 6.0 1074
1747241999970 6.0 1099
1747242004834 6.0 1124
1747242009695 6.0 1149
1747242014554 6.0 1174
1747242019414 6.0 1199
1747242024274 6.0 1224
1747242028149 6.0 1231
1747242028298 6.0 1231
1747242032623 7.0 1249
1747242037487 7.0 1274
1747242042348 7.0 1299
1747242047210 7.0 1324
1747242052070 7.0 1349
1747242056929 7.0 1374
1747242061791 7.0 1399
1747242065913 7.0 1407
1747242066032 7.0 1407
1747242070159 8.0 1424
1747242075026 8.0 1449
1747242079889 8.0 1474
1747242084750 8.0 1499
1747242089611 8.0 1524
1747242094473 8.0 1549
1747242099337 8.0 1574
1747242103628 8.0 1583
1747242103777 8.0 1583
1747242107784 9.0 1599
1747242112643 9.0 1624
1747242117503 9.0 1649
1747242122363 9.0 1674
1747242127221 9.0 1699
1747242132082 9.0 1724
1747242136941 9.0 1749
1747242141388 9.0 1759
1747242141536 9.0 1759
1747242145376 10.0 1774
1747242150237 10.0 1799
1747242155103 10.0 1824
1747242159988 10.0 1849
1747242164848 10.0 1874
1747242169713 10.0 1899
1747242174573 10.0 1924
1747242179232 10.0 1935
1747242179380 10.0 1935
1747242182905 11.0 1949
1747242187775 11.0 1974
1747242192635 11.0 1999
1747242197496 11.0 2024
1747242202357 11.0 2049
1747242207214 11.0 2074
1747242212073 11.0 2099
1747242216967 11.0 2111
1747242217117 11.0 2111
1747242220429 12.0 2124
1747242225295 12.0 2149
1747242230183 12.0 2174
1747242235043 12.0 2199
1747242239906 12.0 2224
1747242244767 12.0 2249
1747242249631 12.0 2274
1747242254711 12.0 2287
1747242254824 12.0 2287
1747242257926 13.0 2299
1747242262824 13.0 2324
1747242267694 13.0 2349
1747242272556 13.0 2374
1747242277416 13.0 2399
1747242282273 13.0 2424
1747242287133 13.0 2449
1747242292345 13.0 2463
1747242292464 13.0 2463
1747242295553 14.0 2474
1747242300408 14.0 2499
1747242305270 14.0 2524
1747242310138 14.0 2549
1747242314999 14.0 2574
1747242319862 14.0 2599
1747242324722 14.0 2624
1747242330177 14.0 2639
1747242330325 14.0 2639
1747242333198 15.0 2649
1747242338074 15.0 2674
1747242342934 15.0 2699
1747242347797 15.0 2724
1747242352656 15.0 2749
1747242357518 15.0 2774
1747242362379 15.0 2799
1747242367977 15.0 2815
1747242368125 15.0 2815
1747242370813 16.0 2824
1747242375678 16.0 2849
1747242380538 16.0 2874
1747242385401 16.0 2899
1747242390263 16.0 2924
1747242395123 16.0 2949
1747242399980 16.0 2974
1747242405815 16.0 2991
1747242405934 16.0 2991
1747242408407 17.0 2999
1747242413266 17.0 3024
1747242418132 17.0 3049
1747242422991 17.0 3074
1747242427845 17.0 3099
1747242432699 17.0 3124
1747242437562 17.0 3149
1747242443563 17.0 3167
1747242443675 17.0 3167
1747242445820 18.0 3174
1747242450676 18.0 3199
1747242455545 18.0 3224
1747242460403 18.0 3249
1747242465263 18.0 3274
1747242470123 18.0 3299
1747242474984 18.0 3324
1747242481194 18.0 3343
1747242481313 18.0 3343
1747242483291 19.0 3349
1747242488159 19.0 3374
1747242493028 19.0 3399
1747242497887 19.0 3424
1747242502749 19.0 3449
1747242507610 19.0 3474
1747242512472 19.0 3499
1747242518913 19.0 3519
1747242519056 19.0 3519
1747242520970 20.0 3524
1747242525827 20.0 3549
1747242530679 20.0 3574
1747242535537 20.0 3599
1747242540400 20.0 3624
1747242545263 20.0 3649
1747242550125 20.0 3674
1747242556758 20.0 3695
1747242556906 20.0 3695
1747242558491 21.0 3699
1747242563384 21.0 3724
1747242568244 21.0 3749
1747242573105 21.0 3774
1747242577987 21.0 3799
1747242582848 21.0 3824
1747242587708 21.0 3849
1747242594525 21.0 3871
1747242594644 21.0 3871
1747242596034 22.0 3874
1747242600962 22.0 3899
1747242605818 22.0 3924
1747242610679 22.0 3949
1747242615550 22.0 3974
1747242620412 22.0 3999
1747242625275 22.0 4024
1747242632339 22.0 4047
1747242632481 22.0 4047
1747242633726 23.0 4049
1747242638646 23.0 4074
1747242643499 23.0 4099
1747242648362 23.0 4124
1747242653223 23.0 4149
1747242658086 23.0 4174
1747242662946 23.0 4199
1747242670196 23.0 4223
1747242670315 23.0 4223
1747242671377 24.0 4224
1747242676316 24.0 4249
1747242681182 24.0 4274
1747242686041 24.0 4299
1747242690904 24.0 4324
1747242695774 24.0 4349
1747242700627 24.0 4374
1747242705445 24.0 4399
1747242708016 24.0 4399
1747242708135 24.0 4399
1747242713889 25.0 4424
1747242718756 25.0 4449
1747242723613 25.0 4474
1747242728471 25.0 4499
1747242733332 25.0 4524
1747242738193 25.0 4549
1747242743049 25.0 4574
1747242745784 25.0 4575
1747242745896 25.0 4575
1747242751478 26.0 4599
1747242756356 26.0 4624
1747242761219 26.0 4649
1747242766082 26.0 4674
1747242770945 26.0 4699
1747242775803 26.0 4724
1747242780664 26.0 4749
1747242783608 26.0 4751
1747242783727 26.0 4751
1747242789182 27.0 4774
1747242794044 27.0 4799
1747242798906 27.0 4824
1747242803768 27.0 4849
1747242808632 27.0 4874
1747242813493 27.0 4899
1747242818353 27.0 4924
1747242821523 27.0 4927
1747242821642 27.0 4927
1747242826847 28.0 4949
1747242831711 28.0 4974
1747242836572 28.0 4999
1747242841435 28.0 5024
1747242846342 28.0 5049
1747242851207 28.0 5074
1747242856071 28.0 5099
1747242859471 28.0 5103
1747242859583 28.0 5103
1747242864595 29.0 5124
1747242869455 29.0 5149
1747242874335 29.0 5174
1747242879212 29.0 5199
1747242884076 29.0 5224
1747242888940 29.0 5249
1747242893803 29.0 5274
1747242897311 29.0 5279
1747242897459 29.0 5279
1747242902172 30.0 5299
1747242907045 30.0 5324
1747242911912 30.0 5349
1747242916774 30.0 5374
1747242921639 30.0 5399
1747242926502 30.0 5424
1747242931365 30.0 5449
1747242935092 30.0 5455
1747242935211 30.0 5455
1747242939673 31.0 5474
1747242944533 31.0 5499
1747242949388 31.0 5524
1747242954246 31.0 5549
1747242959110 31.0 5574
1747242963972 31.0 5599
1747242968838 31.0 5624
1747242972796 31.0 5631
1747242972946 31.0 5631
1747242977311 32.0 5649
1747242982174 32.0 5674
1747242987038 32.0 5699
1747242991899 32.0 5724
1747242996779 32.0 5749
1747243001655 32.0 5774
1747243006523 32.0 5799
1747243010602 32.0 5807
1747243010721 32.0 5807
1747243014819 33.0 5824
1747243019674 33.0 5849
1747243024534 33.0 5874
1747243029396 33.0 5899
1747243034263 33.0 5924
1747243039130 33.0 5949
1747243043991 33.0 5974
1747243048281 33.0 5983
1747243048394 33.0 5983
1747243052399 34.0 5999
1747243057282 34.0 6024
1747243062144 34.0 6049
1747243067006 34.0 6074
1747243071869 34.0 6099
1747243076733 34.0 6124
1747243081592 34.0 6149
1747243086109 34.0 6159
1747243086229 34.0 6159
1747243090018 35.0 6174
1747243094878 35.0 6199
1747243099741 35.0 6224
1747243104605 35.0 6249
1747243109467 35.0 6274
1747243114330 35.0 6299
1747243119191 35.0 6324
1747243123859 35.0 6335
1747243124007 35.0 6335
1747243127535 36.0 6349
1747243132399 36.0 6374
1747243137256 36.0 6399
1747243142117 36.0 6424
1747243146977 36.0 6449
1747243151839 36.0 6474
1747243156701 36.0 6499
1747243161561 36.0 6511
1747243161681 36.0 6511
1747243165059 37.0 6524
1747243169909 37.0 6549
1747243174778 37.0 6574
1747243179639 37.0 6599
1747243184500 37.0 6624
1747243189357 37.0 6649
1747243194216 37.0 6674
1747243199237 37.0 6687
1747243199356 37.0 6687
1747243202551 38.0 6699
1747243207423 38.0 6724
1747243212274 38.0 6749
1747243217137 38.0 6774
1747243221998 38.0 6799
1747243226862 38.0 6824
1747243231722 38.0 6849
1747243237001 38.0 6863
1747243237120 38.0 6863
1747243240118 39.0 6874
1747243245009 39.0 6899
1747243249871 39.0 6924
1747243254754 39.0 6949
1747243259616 39.0 6974
1747243264487 39.0 6999
1747243269350 39.0 7024
1747243274787 39.0 7039
1747243274936 39.0 7039
1747243277748 40.0 7049
1747243282606 40.0 7074
1747243287473 40.0 7099
1747243292325 40.0 7124
1747243297187 40.0 7149
1747243302049 40.0 7174
1747243306912 40.0 7199
1747243312569 40.0 7215
1747243312682 40.0 7215
1747243315380 41.0 7224
1747243320254 41.0 7249
1747243325143 41.0 7274
1747243330007 41.0 7299
1747243334868 41.0 7324
1747243339736 41.0 7349
1747243344606 41.0 7374
1747243350376 41.0 7391
1747243350496 41.0 7391
1747243352890 42.0 7399
1747243357764 42.0 7424
1747243362639 42.0 7449
1747243367504 42.0 7474
1747243372352 42.0 7499
1747243377213 42.0 7524
1747243382074 42.0 7549
1747243388113 42.0 7567
1747243388232 42.0 7567
1747243390449 43.0 7574
1747243395322 43.0 7599
1747243400192 43.0 7624
1747243405049 43.0 7649
1747243409915 43.0 7674
1747243414782 43.0 7699
1747243419642 43.0 7724
1747243425853 43.0 7743
1747243425965 43.0 7743
1747243427959 44.0 7749
1747243432841 44.0 7774
1747243437707 44.0 7799
1747243442570 44.0 7824
1747243447452 44.0 7849
1747243452316 44.0 7874
1747243457179 44.0 7899
1747243463673 44.0 7919
1747243463792 44.0 7919
1747243465570 45.0 7924
1747243470450 45.0 7949
1747243475314 45.0 7974
1747243480177 45.0 7999
1747243485038 45.0 8024
1747243489899 45.0 8049
1747243494767 45.0 8074
1747243501358 45.0 8095
1747243501477 45.0 8095
1747243503059 46.0 8099
1747243507950 46.0 8124
1747243512813 46.0 8149
1747243517679 46.0 8174
1747243522547 46.0 8199
1747243527410 46.0 8224
1747243532267 46.0 8249
1747243539068 46.0 8271
1747243539215 46.0 8271
1747243540569 47.0 8274
1747243545456 47.0 8299
1747243550311 47.0 8324
1747243555172 47.0 8349
1747243560033 47.0 8374
1747243564901 47.0 8399
1747243569763 47.0 8424
1747243576763 47.0 8447
1747243576883 47.0 8447
1747243578205 48.0 8449
1747243583074 48.0 8474
1747243587935 48.0 8499
1747243592797 48.0 8524
1747243597673 48.0 8549
1747243602536 48.0 8574
1747243607400 48.0 8599
1747243614562 48.0 8623
1747243614710 48.0 8623
1747243615792 49.0 8624
1747243620704 49.0 8649
1747243625561 49.0 8674
1747243630426 49.0 8699
1747243635289 49.0 8724
1747243640152 49.0 8749
1747243645023 49.0 8774
1747243649838 49.0 8799
1747243652405 49.0 8799
1747243652524 49.0 8799
