1747241769804 0.3125 24
1747241774666 0.3828125 49
1747241779526 0.3046875 74
1747241784387 0.3046875 99
1747241789251 0.375 124
1747241794112 0.3515625 149
1747241798965 0.390625 174
1747241807287 0.4296875 199
1747241812147 0.3984375 224
1747241817003 0.3984375 249
1747241821864 0.4140625 274
1747241826724 0.3984375 299
1747241831588 0.375 324
1747241836468 0.4140625 349
1747241845006 0.4765625 374
1747241849866 0.46875 399
1747241854721 0.46875 424
1747241859581 0.453125 449
1747241864441 0.4921875 474
1747241869299 0.4296875 499
1747241874160 0.4140625 524
1747241882353 0.4453125 549
1747241887215 0.4140625 574
1747241892075 0.4765625 599
1747241896937 0.3984375 624
1747241901798 0.40625 649
1747241906661 0.46875 674
1747241911518 0.4609375 699
1747241919899 0.4609375 724
1747241924764 0.4765625 749
1747241929626 0.46875 774
1747241934485 0.4609375 799
1747241939348 0.5390625 824
1747241944209 0.484375 849
1747241949073 0.5390625 874
1747241957461 0.484375 899
1747241962327 0.5 924
1747241967190 0.53125 949
1747241972051 0.4609375 974
1747241976911 0.5390625 999
1747241981771 0.484375 1024
1747241986633 0.5 1049
1747241995104 0.5 1074
1747241999970 0.4609375 1099
1747242004834 0.53125 1124
1747242009695 0.5390625 1149
1747242014554 0.453125 1174
1747242019414 0.53125 1199
1747242024274 0.5 1224
1747242032623 0.5078125 1249
1747242037487 0.5 1274
1747242042348 0.515625 1299
1747242047210 0.4921875 1324
1747242052070 0.5078125 1349
1747242056929 0.4765625 1374
1747242061791 0.484375 1399
1747242070159 0.546875 1424
1747242075026 0.53125 1449
1747242079889 0.625 1474
1747242084750 0.546875 1499
1747242089611 0.515625 1524
1747242094473 0.5859375 1549
1747242099337 0.4609375 1574
1747242107784 0.5234375 1599
1747242112643 0.53125 1624
1747242117503 0.5 1649
1747242122363 0.4609375 1674
1747242127221 0.4921875 1699
1747242132082 0.59375 1724
1747242136941 0.484375 1749
1747242145376 0.59375 1774
1747242150237 0.5390625 1799
1747242155103 0.5703125 1824
1747242159988 0.484375 1849
1747242164848 0.484375 1874
1747242169713 0.5625 1899
1747242174573 0.5390625 1924
1747242182905 0.578125 1949
1747242187775 0.5703125 1974
1747242192635 0.5078125 1999
1747242197496 0.484375 2024
1747242202357 0.546875 2049
1747242207214 0.5625 2074
1747242212073 0.546875 2099
1747242220429 0.5625 2124
1747242225295 0.453125 2149
1747242230183 0.53125 2174
1747242235043 0.5 2199
1747242239906 0.609375 2224
1747242244767 0.546875 2249
1747242249631 0.609375 2274
1747242257926 0.59375 2299
1747242262824 0.6015625 2324
1747242267694 0.5546875 2349
1747242272556 0.546875 2374
1747242277416 0.640625 2399
1747242282273 0.5234375 2424
1747242287133 0.515625 2449
1747242295553 0.5703125 2474
1747242300408 0.578125 2499
1747242305270 0.578125 2524
1747242310138 0.5546875 2549
1747242314999 0.609375 2574
1747242319862 0.4921875 2599
1747242324722 0.5625 2624
1747242333198 0.5625 2649
1747242338074 0.5625 2674
1747242342934 0.546875 2699
1747242347797 0.5859375 2724
1747242352656 0.671875 2749
1747242357518 0.53125 2774
1747242362379 0.625 2799
1747242370813 0.5859375 2824
1747242375678 0.5 2849
1747242380538 0.5703125 2874
1747242385401 0.5546875 2899
1747242390263 0.5625 2924
1747242395123 0.546875 2949
1747242399980 0.6328125 2974
1747242408407 0.5703125 2999
1747242413266 0.5390625 3024
1747242418132 0.5625 3049
1747242422991 0.5859375 3074
1747242427845 0.390625 3099
1747242432699 0.5859375 3124
1747242437562 0.5078125 3149
1747242445820 0.6953125 3174
1747242450676 0.5546875 3199
1747242455545 0.5703125 3224
1747242460403 0.59375 3249
1747242465263 0.5 3274
1747242470123 0.59375 3299
1747242474984 0.5078125 3324
1747242483291 0.640625 3349
1747242488159 0.6015625 3374
1747242493028 0.6171875 3399
1747242497887 0.515625 3424
1747242502749 0.5078125 3449
1747242507610 0.5546875 3474
1747242512472 0.5703125 3499
1747242520970 0.609375 3524
1747242525827 0.609375 3549
1747242530679 0.578125 3574
1747242535537 0.640625 3599
1747242540400 0.6171875 3624
1747242545263 0.59375 3649
1747242550125 0.6171875 3674
1747242558491 0.5546875 3699
1747242563384 0.546875 3724
1747242568244 0.6171875 3749
1747242573105 0.5625 3774
1747242577987 0.59375 3799
1747242582848 0.6328125 3824
1747242587708 0.6171875 3849
1747242596034 0.65625 3874
1747242600962 0.5625 3899
1747242605818 0.578125 3924
1747242610679 0.5234375 3949
1747242615550 0.59375 3974
1747242620412 0.5859375 3999
1747242625275 0.6328125 4024
1747242633726 0.6171875 4049
1747242638646 0.625 4074
1747242643499 0.5703125 4099
1747242648362 0.65625 4124
1747242653223 0.6328125 4149
1747242658086 0.59375 4174
1747242662946 0.6484375 4199
1747242671377 0.59375 4224
1747242676316 0.6015625 4249
1747242681182 0.625 4274
1747242686041 0.59375 4299
1747242690904 0.5859375 4324
1747242695774 0.546875 4349
1747242700627 0.5546875 4374
1747242705445 0.6000000238418579 4399
1747242713889 0.5625 4424
1747242718756 0.5546875 4449
1747242723613 0.5703125 4474
1747242728471 0.640625 4499
1747242733332 0.6328125 4524
1747242738193 0.5859375 4549
1747242743049 0.546875 4574
1747242751478 0.6171875 4599
1747242756356 0.6328125 4624
1747242761219 0.5625 4649
1747242766082 0.6328125 4674
1747242770945 0.6640625 4699
1747242775803 0.625 4724
1747242780664 0.5859375 4749
1747242789182 0.5859375 4774
1747242794044 0.6640625 4799
1747242798906 0.53125 4824
1747242803768 0.6484375 4849
1747242808632 0.640625 4874
1747242813493 0.6328125 4899
1747242818353 0.5859375 4924
1747242826847 0.578125 4949
1747242831711 0.578125 4974
1747242836572 0.6015625 4999
1747242841435 0.6640625 5024
1747242846342 0.6640625 5049
1747242851207 0.6328125 5074
1747242856071 0.578125 5099
1747242864595 0.625 5124
1747242869455 0.5703125 5149
1747242874335 0.6640625 5174
1747242879212 0.625 5199
1747242884076 0.6328125 5224
1747242888940 0.65625 5249
1747242893803 0.6484375 5274
1747242902172 0.6171875 5299
1747242907045 0.6328125 5324
1747242911912 0.6484375 5349
1747242916774 0.609375 5374
1747242921639 0.546875 5399
1747242926502 0.6015625 5424
1747242931365 0.6640625 5449
1747242939673 0.640625 5474
1747242944533 0.59375 5499
1747242949388 0.6328125 5524
1747242954246 0.671875 5549
1747242959110 0.5859375 5574
1747242963972 0.625 5599
1747242968838 0.6953125 5624
1747242977311 0.6171875 5649
1747242982174 0.5703125 5674
1747242987038 0.6328125 5699
1747242991899 0.5390625 5724
1747242996779 0.609375 5749
1747243001655 0.6171875 5774
1747243006523 0.5859375 5799
1747243014819 0.6484375 5824
1747243019674 0.609375 5849
1747243024534 0.6171875 5874
1747243029396 0.625 5899
1747243034263 0.5 5924
1747243039130 0.5625 5949
1747243043991 0.6171875 5974
1747243052399 0.640625 5999
1747243057282 0.609375 6024
1747243062144 0.6015625 6049
1747243067006 0.625 6074
1747243071869 0.65625 6099
1747243076733 0.6015625 6124
1747243081592 0.625 6149
1747243090018 0.53125 6174
1747243094878 0.6328125 6199
1747243099741 0.65625 6224
1747243104605 0.6328125 6249
1747243109467 0.6328125 6274
1747243114330 0.6953125 6299
1747243119191 0.703125 6324
1747243127535 0.640625 6349
1747243132399 0.625 6374
1747243137256 0.5859375 6399
1747243142117 0.6953125 6424
1747243146977 0.6328125 6449
1747243151839 0.625 6474
1747243156701 0.578125 6499
1747243165059 0.640625 6524
1747243169909 0.625 6549
1747243174778 0.6484375 6574
1747243179639 0.6328125 6599
1747243184500 0.65625 6624
1747243189357 0.5546875 6649
1747243194216 0.546875 6674
1747243202551 0.6796875 6699
1747243207423 0.640625 6724
1747243212274 0.6171875 6749
1747243217137 0.640625 6774
1747243221998 0.5 6799
1747243226862 0.625 6824
1747243231722 0.65625 6849
1747243240118 0.6875 6874
1747243245009 0.5390625 6899
1747243249871 0.640625 6924
1747243254754 0.6171875 6949
1747243259616 0.671875 6974
1747243264487 0.640625 6999
1747243269350 0.640625 7024
1747243277748 0.5703125 7049
1747243282606 0.59375 7074
1747243287473 0.6484375 7099
1747243292325 0.6171875 7124
1747243297187 0.625 7149
1747243302049 0.6328125 7174
1747243306912 0.5703125 7199
1747243315380 0.6171875 7224
1747243320254 0.609375 7249
1747243325143 0.5234375 7274
1747243330007 0.671875 7299
1747243334868 0.6953125 7324
1747243339736 0.6328125 7349
1747243344606 0.6328125 7374
1747243352890 0.6015625 7399
1747243357764 0.640625 7424
1747243362639 0.6484375 7449
1747243367504 0.640625 7474
1747243372352 0.6484375 7499
1747243377213 0.625 7524
1747243382074 0.59375 7549
1747243390449 0.6171875 7574
1747243395322 0.65625 7599
1747243400192 0.71875 7624
1747243405049 0.65625 7649
1747243409915 0.5625 7674
1747243414782 0.6484375 7699
1747243419642 0.7421875 7724
1747243427959 0.703125 7749
1747243432841 0.625 7774
1747243437707 0.6796875 7799
1747243442570 0.6015625 7824
1747243447452 0.6640625 7849
1747243452316 0.65625 7874
1747243457179 0.5625 7899
1747243465570 0.609375 7924
1747243470450 0.6953125 7949
1747243475314 0.6875 7974
1747243480177 0.6171875 7999
1747243485038 0.71875 8024
1747243489899 0.5390625 8049
1747243494767 0.6328125 8074
1747243503059 0.5859375 8099
1747243507950 0.6015625 8124
1747243512813 0.65625 8149
1747243517679 0.6015625 8174
1747243522547 0.6171875 8199
1747243527410 0.609375 8224
1747243532267 0.71875 8249
1747243540569 0.609375 8274
1747243545456 0.6796875 8299
1747243550311 0.609375 8324
1747243555172 0.65625 8349
1747243560033 0.625 8374
1747243564901 0.671875 8399
1747243569763 0.59375 8424
1747243578205 0.65625 8449
1747243583074 0.625 8474
1747243587935 0.6484375 8499
1747243592797 0.59375 8524
1747243597673 0.6640625 8549
1747243602536 0.625 8574
1747243607400 0.6015625 8599
1747243615792 0.65625 8624
1747243620704 0.6484375 8649
1747243625561 0.703125 8674
1747243630426 0.625 8699
1747243635289 0.640625 8724
1747243640152 0.6328125 8749
1747243645023 0.6875 8774
1747243649838 0.5799999833106995 8799
