1747241769804 1.929168701171875 24
1747241774666 1.8716888427734375 49
1747241779526 1.895965576171875 74
1747241784387 1.80792236328125 99
1747241789251 1.815826416015625 124
1747241794112 1.7548446655273438 149
1747241798965 1.6167449951171875 174
1747241807287 1.63885498046875 199
1747241812147 1.6158294677734375 224
1747241817003 1.6395263671875 249
1747241821864 1.5909423828125 274
1747241826724 1.7096710205078125 299
1747241831588 1.603057861328125 324
1747241836468 1.5798416137695312 349
1747241845006 1.5623931884765625 374
1747241849866 1.5601730346679688 399
1747241854721 1.5167770385742188 424
1747241859581 1.6366043090820312 449
1747241864441 1.4728927612304688 474
1747241869299 1.6573638916015625 499
1747241874160 1.5913887023925781 524
1747241882353 1.5742340087890625 549
1747241887215 1.643280029296875 574
1747241892075 1.4969940185546875 599
1747241896937 1.5812301635742188 624
1747241901798 1.589508056640625 649
1747241906661 1.4469070434570312 674
1747241911518 1.4204559326171875 699
1747241919899 1.4757823944091797 724
1747241924764 1.454315185546875 749
1747241929626 1.415679931640625 774
1747241934485 1.38592529296875 799
1747241939348 1.341766357421875 824
1747241944209 1.5514087677001953 849
1747241949073 1.4205741882324219 874
1747241957461 1.4665489196777344 899
1747241962327 1.4061737060546875 924
1747241967190 1.34930419921875 949
1747241972051 1.4383621215820312 974
1747241976911 1.4600296020507812 999
1747241981771 1.5219345092773438 1024
1747241986633 1.386922836303711 1049
1747241995104 1.29217529296875 1074
1747241999970 1.43927001953125 1099
1747242004834 1.3452072143554688 1124
1747242009695 1.375396728515625 1149
1747242014554 1.4483108520507812 1174
1747242019414 1.3339042663574219 1199
1747242024274 1.3236122131347656 1224
1747242032623 1.4049091339111328 1249
1747242037487 1.4436225891113281 1274
1747242042348 1.3489227294921875 1299
1747242047210 1.3717803955078125 1324
1747242052070 1.3241519927978516 1349
1747242056929 1.4993896484375 1374
1747242061791 1.4298057556152344 1399
1747242070159 1.2404251098632812 1424
1747242075026 1.2443313598632812 1449
1747242079889 1.132680892944336 1474
1747242084750 1.3966903686523438 1499
1747242089611 1.3969879150390625 1524
1747242094473 1.235586166381836 1549
1747242099337 1.4101715087890625 1574
1747242107784 1.2871208190917969 1599
1747242112643 1.4186019897460938 1624
1747242117503 1.2993240356445312 1649
1747242122363 1.3789558410644531 1674
1747242127221 1.2704658508300781 1699
1747242132082 1.2763137817382812 1724
1747242136941 1.4563045501708984 1749
1747242145376 1.2832603454589844 1774
1747242150237 1.2667655944824219 1799
1747242155103 1.2922215461730957 1824
1747242159988 1.3666648864746094 1849
1747242164848 1.402297019958496 1874
1747242169713 1.2996654510498047 1899
1747242174573 1.2117843627929688 1924
1747242182905 1.2454776763916016 1949
1747242187775 1.281768798828125 1974
1747242192635 1.3563041687011719 1999
1747242197496 1.3711156845092773 2024
1747242202357 1.2913589477539062 2049
1747242207214 1.2889299392700195 2074
1747242212073 1.3069953918457031 2099
1747242220429 1.1536941528320312 2124
1747242225295 1.435135841369629 2149
1747242230183 1.3490066528320312 2174
1747242235043 1.3537368774414062 2199
1747242239906 1.1936569213867188 2224
1747242244767 1.2796058654785156 2249
1747242249631 1.053201675415039 2274
1747242257926 1.1932134628295898 2299
1747242262824 1.2304496765136719 2324
1747242267694 1.2272987365722656 2349
1747242272556 1.2874641418457031 2374
1747242277416 1.0660076141357422 2399
1747242282273 1.407705307006836 2424
1747242287133 1.3320655822753906 2449
1747242295553 1.2264595031738281 2474
1747242300408 1.2029495239257812 2499
1747242305270 1.3107929229736328 2524
1747242310138 1.441274642944336 2549
1747242314999 1.1719894409179688 2574
1747242319862 1.44915771484375 2599
1747242324722 1.1909103393554688 2624
1747242333198 1.235276222229004 2649
1747242338074 1.2439041137695312 2674
1747242342934 1.2672195434570312 2699
1747242347797 1.1501750946044922 2724
1747242352656 1.1036319732666016 2749
1747242357518 1.2786126136779785 2774
1747242362379 1.0866155624389648 2799
1747242370813 1.082815170288086 2824
1747242375678 1.35107421875 2849
1747242380538 1.2585906982421875 2874
1747242385401 1.161783218383789 2899
1747242390263 1.209360122680664 2924
1747242395123 1.229391098022461 2949
1747242399980 1.1479167938232422 2974
1747242408407 1.2072715759277344 2999
1747242413266 1.2176570892333984 3024
1747242418132 1.218954086303711 3049
1747242422991 1.200486183166504 3074
1747242427845 1.4993972778320312 3099
1747242432699 1.1910877227783203 3124
1747242437562 1.2995796203613281 3149
1747242445820 1.0518684387207031 3174
1747242450676 1.2650365829467773 3199
1747242455545 1.2003426551818848 3224
1747242460403 1.2231559753417969 3249
1747242465263 1.3147697448730469 3274
1747242470123 1.184525489807129 3299
1747242474984 1.3060722351074219 3324
1747242483291 1.1001944541931152 3349
1747242488159 1.1039881706237793 3374
1747242493028 1.1173491477966309 3399
1747242497887 1.3217096328735352 3424
1747242502749 1.319528579711914 3449
1747242507610 1.2304763793945312 3474
1747242512472 1.185434341430664 3499
1747242520970 1.1521296501159668 3524
1747242525827 1.2180633544921875 3549
1747242530679 1.2583045959472656 3574
1747242535537 1.077866554260254 3599
1747242540400 1.2084379196166992 3624
1747242545263 1.185504674911499 3649
1747242550125 1.1146240234375 3674
1747242558491 1.2490196228027344 3699
1747242563384 1.2554659843444824 3724
1747242568244 1.1458070278167725 3749
1747242573105 1.252821922302246 3774
1747242577987 1.0890722274780273 3799
1747242582848 1.1590385437011719 3824
1747242587708 1.1236763000488281 3849
1747242596034 1.0445709228515625 3874
1747242600962 1.2276420593261719 3899
1747242605818 1.247293472290039 3924
1747242610679 1.1622772216796875 3949
1747242615550 1.246145248413086 3974
1747242620412 1.1511774063110352 3999
1747242625275 1.1097297668457031 4024
1747242633726 1.170102596282959 4049
1747242638646 1.1162490844726562 4074
1747242643499 1.1177978515625 4099
1747242648362 1.1597216129302979 4124
1747242653223 1.030111312866211 4149
1747242658086 1.1511993408203125 4174
1747242662946 1.02618408203125 4199
1747242671377 1.1755409240722656 4224
1747242676316 1.1671772003173828 4249
1747242681182 1.0799217224121094 4274
1747242686041 1.1282739639282227 4299
1747242690904 1.2343807220458984 4324
1747242695774 1.2295303344726562 4349
1747242700627 1.117269515991211 4374
1747242705445 1.130895972251892 4399
1747242713889 1.2218732833862305 4424
1747242718756 1.1559152603149414 4449
1747242723613 1.1831932067871094 4474
1747242728471 1.0764555931091309 4499
1747242733332 1.0866813659667969 4524
1747242738193 1.1615867614746094 4549
1747242743049 1.1753273010253906 4574
1747242751478 1.1347970962524414 4599
1747242756356 1.1581268310546875 4624
1747242761219 1.121016025543213 4649
1747242766082 1.1560101509094238 4674
1747242770945 1.1036758422851562 4699
1747242775803 1.0888023376464844 4724
1747242780664 1.2840194702148438 4749
1747242789182 1.243143081665039 4774
1747242794044 0.9958858489990234 4799
1747242798906 1.2753868103027344 4824
1747242803768 1.139164924621582 4849
1747242808632 1.1893205642700195 4874
1747242813493 1.1106300354003906 4899
1747242818353 1.1077861785888672 4924
1747242826847 1.1171894073486328 4949
1747242831711 1.1846694946289062 4974
1747242836572 1.1257281303405762 4999
1747242841435 1.0768547058105469 5024
1747242846342 1.0041203498840332 5049
1747242851207 1.0526695251464844 5074
1747242856071 1.1539936065673828 5099
1747242864595 1.1319143772125244 5124
1747242869455 1.1335506439208984 5149
1747242874335 0.9985599517822266 5174
1747242879212 1.118973731994629 5199
1747242884076 1.062476396560669 5224
1747242888940 0.9832789897918701 5249
1747242893803 1.0336287021636963 5274
1747242902172 1.1274566650390625 5299
1747242907045 1.0900321006774902 5324
1747242911912 1.092620849609375 5349
1747242916774 1.1277656555175781 5374
1747242921639 1.1801538467407227 5399
1747242926502 1.2027053833007812 5424
1747242931365 1.0510520935058594 5449
1747242939673 1.0701828002929688 5474
1747242944533 1.0352516174316406 5499
1747242949388 1.0821166038513184 5524
1747242954246 0.9980802536010742 5549
1747242959110 1.1467199325561523 5574
1747242963972 1.0981502532958984 5599
1747242968838 0.9348335266113281 5624
1747242977311 1.1649246215820312 5649
1747242982174 1.3084945678710938 5674
1747242987038 1.0076513290405273 5699
1747242991899 1.2203335762023926 5724
1747242996779 1.0978116989135742 5749
1747243001655 1.0866003036499023 5774
1747243006523 1.1323680877685547 5799
1747243014819 1.036022663116455 5824
1747243019674 1.0939750671386719 5849
1747243024534 1.1001441478729248 5874
1747243029396 1.154775619506836 5899
1747243034263 1.3304357528686523 5924
1747243039130 1.2165513038635254 5949
1747243043991 1.119666576385498 5974
1747243052399 1.020228385925293 5999
1747243057282 1.0580368041992188 6024
1747243062144 1.1033992767333984 6049
1747243067006 1.1783370971679688 6074
1747243071869 0.978801965713501 6099
1747243076733 1.0937175750732422 6124
1747243081592 1.1116251945495605 6149
1747243090018 1.240119457244873 6174
1747243094878 1.0761394500732422 6199
1747243099741 1.0879688262939453 6224
1747243104605 0.9874329566955566 6249
1747243109467 1.0541954040527344 6274
1747243114330 0.9617748260498047 6299
1747243119191 0.8877048492431641 6324
1747243127535 1.067906379699707 6349
1747243132399 1.015775203704834 6374
1747243137256 1.119816780090332 6399
1747243142117 0.821408748626709 6424
1747243146977 1.057020664215088 6449
1747243151839 1.1151599884033203 6474
1747243156701 1.1462478637695312 6499
1747243165059 1.072458028793335 6524
1747243169909 1.0399127006530762 6549
1747243174778 1.008158802986145 6574
1747243179639 1.1045150756835938 6599
1747243184500 1.0643048286437988 6624
1747243189357 1.0659914016723633 6649
1747243194216 1.2994165420532227 6674
1747243202551 0.9430465698242188 6699
1747243207423 1.046757698059082 6724
1747243212274 1.1395421028137207 6749
1747243217137 1.0494258403778076 6774
1747243221998 1.286051869392395 6799
1747243226862 1.1522502899169922 6824
1747243231722 0.9883899688720703 6849
1747243240118 0.9421815872192383 6874
1747243245009 1.325943946838379 6899
1747243249871 1.0408473014831543 6924
1747243254754 1.1268739700317383 6949
1747243259616 1.0034105777740479 6974
1747243264487 1.0661849975585938 6999
1747243269350 1.124373435974121 7024
1747243277748 1.1036925315856934 7049
1747243282606 1.1410341262817383 7074
1747243287473 0.9642543792724609 7099
1747243292325 1.0137109756469727 7124
1747243297187 1.111593246459961 7149
1747243302049 1.0617570877075195 7174
1747243306912 1.1058917045593262 7199
1747243315380 1.0348243713378906 7224
1747243320254 1.1655187606811523 7249
1747243325143 1.223830223083496 7274
1747243330007 0.9759541749954224 7299
1747243334868 0.8627080917358398 7324
1747243339736 1.0593338012695312 7349
1747243344606 1.1080446243286133 7374
1747243352890 1.204437255859375 7399
1747243357764 0.9690070152282715 7424
1747243362639 1.0305347442626953 7449
1747243367504 1.0388126373291016 7474
1747243372352 1.019002914428711 7499
1747243377213 1.0491142272949219 7524
1747243382074 1.1099377870559692 7549
1747243390449 1.0732970237731934 7574
1747243395322 1.0883960723876953 7599
1747243400192 0.9104061126708984 7624
1747243405049 0.9942960739135742 7649
1747243409915 1.1307077407836914 7674
1747243414782 0.9317517280578613 7699
1747243419642 0.8409332036972046 7724
1747243427959 0.9020156860351562 7749
1747243432841 1.0960254669189453 7774
1747243437707 0.9806385040283203 7799
1747243442570 1.0840377807617188 7824
1747243447452 0.9069976806640625 7849
1747243452316 1.0650262832641602 7874
1747243457179 1.127760410308838 7899
1747243465570 1.0084564685821533 7924
1747243470450 1.0066728591918945 7949
1747243475314 0.9492959976196289 7974
1747243480177 1.0795745849609375 7999
1747243485038 0.8664031028747559 8024
1747243489899 1.1729660034179688 8049
1747243494767 1.0476322174072266 8074
1747243503059 1.0926828384399414 8099
1747243507950 1.1266860961914062 8124
1747243512813 1.0108327865600586 8149
1747243517679 1.1371898651123047 8174
1747243522547 1.041325569152832 8199
1747243527410 1.1734437942504883 8224
1747243532267 0.9243154525756836 8249
1747243540569 1.030311107635498 8274
1747243545456 0.9468355178833008 8299
1747243550311 1.0374164581298828 8324
1747243555172 1.064788818359375 8349
1747243560033 0.9888439178466797 8374
1747243564901 1.0973119735717773 8399
1747243569763 1.1178631782531738 8424
1747243578205 0.9017086029052734 8449
1747243583074 1.0976524353027344 8474
1747243587935 1.0269765853881836 8499
1747243592797 1.0978018045425415 8524
1747243597673 1.0396852493286133 8549
1747243602536 1.0932345390319824 8574
1747243607400 1.1050195693969727 8599
1747243615792 0.9721221923828125 8624
1747243620704 1.0417890548706055 8649
1747243625561 0.9229793548583984 8674
1747243630426 1.0684752464294434 8699
1747243635289 0.9678497314453125 8724
1747243640152 0.98870849609375 8749
1747243645023 0.9718856811523438 8774
1747243649838 1.075943946838379 8799
