1747241801672 0.32784444093704224 175
1747241839550 0.40682223439216614 351
1747241877359 0.44064444303512573 527
1747241914995 0.4627111256122589 703
1747241952756 0.47964444756507874 879
1747241990489 0.49140000343322754 1055
1747242028298 0.5070666670799255 1231
1747242066032 0.517288863658905 1407
1747242103777 0.5258888602256775 1583
1747242141536 0.5329999923706055 1759
1747242179380 0.5414888858795166 1935
1747242217117 0.5464444160461426 2111
1747242254824 0.5508444309234619 2287
1747242292464 0.5567777752876282 2463
1747242330325 0.5615333318710327 2639
1747242368125 0.5689333081245422 2815
1747242405934 0.5730000138282776 2991
1747242443675 0.5730666518211365 3167
1747242481313 0.5769555568695068 3343
1747242519056 0.5792222023010254 3519
1747242556906 0.5851555466651917 3695
1747242594644 0.585622251033783 3871
1747242632481 0.588866651058197 4047
1747242670315 0.5910888910293579 4223
1747242708135 0.592555582523346 4399
1747242745896 0.5937111377716064 4575
1747242783727 0.6024888753890991 4751
1747242821642 0.6012222170829773 4927
1747242859583 0.6052888631820679 5103
1747242897459 0.6046222448348999 5279
1747242935211 0.6083333492279053 5455
1747242972946 0.6103777885437012 5631
1747243010721 0.6120444536209106 5807
1747243048394 0.6160888671875 5983
1747243086229 0.6155999898910522 6159
1747243124007 0.6170889139175415 6335
1747243161681 0.6195777654647827 6511
1747243199356 0.6204666495323181 6687
1747243237120 0.6231555342674255 6863
1747243274936 0.6256666779518127 7039
1747243312682 0.626622200012207 7215
1747243350496 0.6254000067710876 7391
1747243388232 0.6330666542053223 7567
1747243425965 0.6341999769210815 7743
1747243463792 0.6351777911186218 7919
1747243501477 0.6341333389282227 8095
1747243539215 0.634577751159668 8271
1747243576883 0.6373999714851379 8447
1747243614710 0.6381111145019531 8623
1747243652524 0.641955554485321 8799
