1747240031578 0.328125 24
1747240034952 0.359375 49
1747240038426 0.234375 74
1747240041761 0.34375 99
1747240045142 0.296875 124
1747240048705 0.40625 149
1747240051728 0.40625 174
1747240058535 0.390625 199
1747240061920 0.34375 224
1747240065294 0.4375 249
1747240068792 0.421875 274
1747240072242 0.375 299
1747240075731 0.296875 324
1747240078672 0.515625 349
1747240085493 0.484375 374
1747240088869 0.4375 399
1747240092282 0.453125 424
1747240095762 0.453125 449
1747240099154 0.484375 474
1747240102730 0.3125 499
1747240105877 0.359375 524
1747240112642 0.453125 549
1747240115960 0.390625 574
1747240119310 0.46875 599
1747240122895 0.359375 624
1747240126426 0.4375 649
1747240129841 0.5 674
1747240133033 0.375 699
1747240139661 0.359375 724
1747240143134 0.484375 749
1747240146549 0.5625 774
1747240150066 0.453125 799
1747240153544 0.5625 824
1747240156889 0.46875 849
1747240160033 0.5 874
1747240166594 0.515625 899
1747240169982 0.484375 924
1747240173386 0.5625 949
1747240176874 0.484375 974
1747240180370 0.5 999
1747240183752 0.4375 1024
1747240187115 0.4375 1049
1747240193807 0.453125 1074
1747240197238 0.40625 1099
1747240200591 0.5 1124
1747240204086 0.453125 1149
1747240207596 0.53125 1174
1747240211070 0.5 1199
1747240214498 0.484375 1224
1747240220907 0.546875 1249
1747240224403 0.421875 1274
1747240227754 0.46875 1299
1747240231246 0.390625 1324
1747240234686 0.484375 1349
1747240238095 0.390625 1374
1747240241371 0.484375 1399
1747240247938 0.609375 1424
1747240251379 0.53125 1449
1747240254958 0.640625 1474
1747240258347 0.40625 1499
1747240261691 0.546875 1524
1747240265079 0.53125 1549
1747240268446 0.421875 1574
1747240274864 0.578125 1599
1747240278266 0.546875 1624
1747240281603 0.515625 1649
1747240285094 0.453125 1674
1747240288567 0.5625 1699
1747240291935 0.546875 1724
1747240295506 0.46875 1749
1747240301830 0.546875 1774
1747240305242 0.5 1799
1747240308807 0.609375 1824
1747240312270 0.515625 1849
1747240315670 0.5 1874
1747240319071 0.5 1899
1747240322488 0.609375 1924
1747240329099 0.4375 1949
1747240332479 0.515625 1974
1747240335886 0.609375 1999
1747240339326 0.46875 2024
1747240342788 0.578125 2049
1747240346286 0.65625 2074
1747240349710 0.578125 2099
1747240356345 0.5625 2124
1747240359791 0.453125 2149
1747240363236 0.578125 2174
1747240366657 0.515625 2199
1747240370163 0.59375 2224
1747240373730 0.609375 2249
1747240377111 0.625 2274
1747240383640 0.515625 2299
1747240387156 0.53125 2324
1747240390722 0.5625 2349
1747240394128 0.484375 2374
1747240397555 0.6875 2399
1747240401006 0.546875 2424
1747240404422 0.53125 2449
1747240410787 0.625 2474
1747240414294 0.609375 2499
1747240417713 0.578125 2524
1747240421110 0.484375 2549
1747240424511 0.671875 2574
1747240427899 0.515625 2599
1747240431244 0.65625 2624
1747240437547 0.46875 2649
1747240441107 0.59375 2674
1747240444566 0.578125 2699
1747240448032 0.625 2724
1747240451458 0.65625 2749
1747240454950 0.46875 2774
1747240458363 0.625 2799
1747240464834 0.640625 2824
1747240468317 0.4375 2849
1747240471782 0.515625 2874
1747240475231 0.65625 2899
1747240478614 0.578125 2924
1747240482102 0.515625 2949
1747240485582 0.625 2974
1747240492030 0.515625 2999
1747240495606 0.53125 3024
1747240498975 0.609375 3049
1747240502510 0.4375 3074
1747240505835 0.40625 3099
1747240509222 0.609375 3124
1747240512778 0.53125 3149
1747240519134 0.65625 3174
1747240522671 0.578125 3199
1747240526105 0.625 3224
1747240529467 0.59375 3249
1747240532915 0.53125 3274
1747240536290 0.65625 3299
1747240539739 0.4375 3324
1747240546006 0.65625 3349
1747240549545 0.5 3374
1747240552997 0.515625 3399
1747240556362 0.421875 3424
1747240559767 0.5 3449
1747240563151 0.484375 3474
1747240566564 0.546875 3499
1747240572985 0.59375 3524
1747240576575 0.59375 3549
1747240579937 0.5625 3574
1747240583403 0.59375 3599
1747240586808 0.625 3624
1747240590182 0.4375 3649
1747240593540 0.609375 3674
1747240599890 0.5625 3699
1747240603354 0.515625 3724
1747240606883 0.546875 3749
1747240610318 0.484375 3774
1747240613714 0.625 3799
1747240617202 0.71875 3824
1747240620571 0.53125 3849
1747240626928 0.71875 3874
1747240630502 0.609375 3899
1747240633959 0.578125 3924
1747240637334 0.5 3949
1747240640740 0.546875 3974
1747240644337 0.703125 3999
1747240647744 0.484375 4024
1747240654275 0.59375 4049
1747240657890 0.625 4074
1747240661362 0.59375 4099
1747240664766 0.5625 4124
1747240668015 0.546875 4149
1747240671403 0.671875 4174
1747240674780 0.609375 4199
1747240681007 0.75 4224
1747240684538 0.546875 4249
1747240687998 0.609375 4274
1747240691360 0.546875 4299
1747240694858 0.515625 4324
1747240698279 0.625 4349
1747240701766 0.578125 4374
1747240704736 0.6000000238418579 4399
1747240711739 0.484375 4424
1747240715101 0.515625 4449
1747240718531 0.59375 4474
1747240721958 0.703125 4499
1747240725427 0.53125 4524
1747240728881 0.578125 4549
1747240731933 0.5 4574
1747240738842 0.640625 4599
1747240742320 0.59375 4624
1747240745831 0.59375 4649
1747240749214 0.609375 4674
1747240752673 0.5 4699
1747240756166 0.5625 4724
1747240759149 0.59375 4749
1747240765982 0.53125 4774
1747240769370 0.625 4799
1747240772794 0.5 4824
1747240776103 0.640625 4849
1747240779542 0.59375 4874
1747240782962 0.609375 4899
1747240786119 0.625 4924
1747240792906 0.65625 4949
1747240796270 0.5625 4974
1747240799759 0.515625 4999
1747240803346 0.609375 5024
1747240806727 0.71875 5049
1747240810169 0.5625 5074
