1747240031578 1.8564453125 24
1747240034952 1.92352294921875 49
1747240038426 1.9749755859375 74
1747240041761 1.7921142578125 99
1747240045142 1.9931640625 124
1747240048705 1.68743896484375 149
1747240051728 1.608642578125 174
1747240058535 1.73590087890625 199
1747240061920 1.688568115234375 224
1747240065294 1.628204345703125 249
1747240068792 1.564544677734375 274
1747240072242 1.86834716796875 299
1747240075731 1.663116455078125 324
1747240078672 1.5535888671875 349
1747240085493 1.640380859375 374
1747240088869 1.553955078125 399
1747240092282 1.470794677734375 424
1747240095762 1.696319580078125 449
1747240099154 1.526458740234375 474
1747240102730 1.9377288818359375 499
1747240105877 1.6829681396484375 524
1747240112642 1.70916748046875 549
1747240115960 1.693145751953125 574
1747240119310 1.546356201171875 599
1747240122895 1.7135772705078125 624
1747240126426 1.5614013671875 649
1747240129841 1.50439453125 674
1747240133033 1.5232086181640625 699
1747240139661 1.5443611145019531 724
1747240143134 1.423858642578125 749
1747240146549 1.3735504150390625 774
1747240150066 1.411468505859375 799
1747240153544 1.3138275146484375 824
1747240156889 1.6019058227539062 849
1747240160033 1.4625778198242188 874
1747240166594 1.4482803344726562 899
1747240169982 1.427825927734375 924
1747240173386 1.418426513671875 949
1747240176874 1.49285888671875 974
1747240180370 1.4424896240234375 999
1747240183752 1.5133819580078125 1024
1747240187115 1.4795150756835938 1049
1747240193807 1.453948974609375 1074
1747240197238 1.449371337890625 1099
1747240200591 1.5252685546875 1124
1747240204086 1.43560791015625 1149
1747240207596 1.4910049438476562 1174
1747240211070 1.4305191040039062 1199
1747240214498 1.3716659545898438 1224
1747240220907 1.41473388671875 1249
1747240224403 1.5721893310546875 1274
1747240227754 1.474151611328125 1299
1747240231246 1.561370849609375 1324
1747240234686 1.3116416931152344 1349
1747240238095 1.6821060180664062 1374
1747240241371 1.444061279296875 1399
1747240247938 1.122283935546875 1424
1747240251379 1.2791862487792969 1449
1747240254958 1.1226806640625 1474
1747240258347 1.611541748046875 1499
1747240261691 1.3902587890625 1524
1747240265079 1.455474853515625 1549
1747240268446 1.417999267578125 1574
1747240274864 1.1219863891601562 1599
1747240278266 1.3177642822265625 1624
1747240281603 1.2560806274414062 1649
1747240285094 1.37841796875 1674
1747240288567 1.1995697021484375 1699
1747240291935 1.2941131591796875 1724
1747240295506 1.5373878479003906 1749
1747240301830 1.3285255432128906 1774
1747240305242 1.2614898681640625 1799
1747240308807 1.286041259765625 1824
1747240312270 1.2942352294921875 1849
1747240315670 1.3044395446777344 1874
1747240319071 1.3330802917480469 1899
1747240322488 1.129669189453125 1924
1747240329099 1.301849365234375 1949
1747240332479 1.3917465209960938 1974
1747240335886 1.3333206176757812 1999
1747240339326 1.3731765747070312 2024
1747240342788 1.134796142578125 2049
1747240346286 1.1756019592285156 2074
1747240349710 1.2836990356445312 2099
1747240356345 1.1286468505859375 2124
1747240359791 1.4494457244873047 2149
1747240363236 1.3681411743164062 2174
1747240366657 1.488922119140625 2199
1747240370163 1.2930374145507812 2224
1747240373730 1.1209335327148438 2249
1747240377111 1.0188446044921875 2274
1747240383640 1.2524032592773438 2299
1747240387156 1.4263916015625 2324
1747240390722 1.12286376953125 2349
1747240394128 1.3559379577636719 2374
1747240397555 1.1011199951171875 2399
1747240401006 1.3251571655273438 2424
1747240404422 1.3797378540039062 2449
1747240410787 1.2272796630859375 2474
1747240414294 1.2672462463378906 2499
1747240417713 1.313802719116211 2524
1747240421110 1.4962692260742188 2549
1747240424511 1.1096954345703125 2574
1747240427899 1.3453826904296875 2599
1747240431244 1.1233596801757812 2624
1747240437547 1.330535888671875 2649
1747240441107 1.257171630859375 2674
1747240444566 1.1262397766113281 2699
1747240448032 1.1299629211425781 2724
1747240451458 1.1672706604003906 2749
1747240454950 1.3690519332885742 2774
1747240458363 1.0040130615234375 2799
1747240464834 0.9536705017089844 2824
1747240468317 1.436380386352539 2849
1747240471782 1.3869171142578125 2874
1747240475231 1.0253524780273438 2899
1747240478614 1.1695556640625 2924
1747240482102 1.3889198303222656 2949
1747240485582 1.1304855346679688 2974
1747240492030 1.3628616333007812 2999
1747240495606 1.195169448852539 3024
1747240498975 1.2078475952148438 3049
1747240502510 1.3422126770019531 3074
1747240505835 1.56134033203125 3099
1747240509222 1.1450347900390625 3124
1747240512778 1.3444976806640625 3149
1747240519134 1.026845932006836 3174
1747240522671 1.3633232116699219 3199
1747240526105 1.1863555908203125 3224
1747240529467 1.1838226318359375 3249
1747240532915 1.4813575744628906 3274
1747240536290 1.216766357421875 3299
1747240539739 1.4726409912109375 3324
1747240546006 1.184051513671875 3349
1747240549545 1.28094482421875 3374
1747240552997 1.2754688262939453 3399
1747240556362 1.3826522827148438 3424
1747240559767 1.3823394775390625 3449
1747240563151 1.4707489013671875 3474
1747240566564 1.1978912353515625 3499
1747240572985 1.2162971496582031 3524
1747240576575 1.2097320556640625 3549
1747240579937 1.3336620330810547 3574
1747240583403 1.1829147338867188 3599
1747240586808 1.2054328918457031 3624
1747240590182 1.5933723449707031 3649
1747240593540 1.1559677124023438 3674
1747240599890 1.1914710998535156 3699
1747240603354 1.2769851684570312 3724
1747240606883 1.2802085876464844 3749
1747240610318 1.3528099060058594 3774
1747240613714 1.1427040100097656 3799
1747240617202 1.042947769165039 3824
1747240620571 1.1752738952636719 3849
1747240626928 1.0903282165527344 3874
1747240630502 1.2904510498046875 3899
1747240633959 1.2554931640625 3924
1747240637334 1.2192153930664062 3949
1747240640740 1.3541412353515625 3974
1747240644337 1.0589599609375 3999
1747240647744 1.16864013671875 4024
1747240654275 1.1242895126342773 4049
1747240657890 1.1265182495117188 4074
1747240661362 1.119466781616211 4099
1747240664766 1.2325515747070312 4124
1747240668015 1.073150634765625 4149
1747240671403 1.0649871826171875 4174
1747240674780 1.0539073944091797 4199
1747240681007 0.9061431884765625 4224
1747240684538 1.27716064453125 4249
1747240687998 1.1524887084960938 4274
1747240691360 1.27490234375 4299
1747240694858 1.3636970520019531 4324
1747240698279 1.1882553100585938 4349
1747240701766 1.092214584350586 4374
1747240704736 1.0664355754852295 4399
1747240711739 1.2969918251037598 4424
1747240715101 1.2687225341796875 4449
1747240718531 1.3406972885131836 4474
1747240721958 1.027679443359375 4499
1747240725427 1.2278976440429688 4524
1747240728881 1.1632843017578125 4549
1747240731933 1.2822389602661133 4574
1747240738842 1.0775947570800781 4599
1747240742320 1.2696342468261719 4624
1747240745831 1.0699982643127441 4649
1747240749214 1.0098686218261719 4674
1747240752673 1.3554654121398926 4699
1747240756166 1.2258987426757812 4724
1747240759149 1.2479667663574219 4749
1747240765982 1.3722057342529297 4774
1747240769370 1.0624237060546875 4799
1747240772794 1.4552536010742188 4824
1747240776103 1.1038665771484375 4849
1747240779542 1.1781787872314453 4874
1747240782962 1.0791015625 4899
1747240786119 1.0182580947875977 4924
1747240792906 0.9949989318847656 4949
1747240796270 1.313619613647461 4974
1747240799759 1.3259973526000977 4999
1747240803346 1.1189632415771484 5024
1747240806727 0.9024543762207031 5049
1747240810169 1.18707275390625 5074
